0.0 -0.5 0.5 3.001 5.9
0.10020040080160321 -0.390893444584 1.71925401348 3.5342169135 4.70061077426
0.20040080160320642 -0.149433731865 3.11644464105 3.93670713305 3.31515861484
0.30060120240480964 0.233658590964 4.51383503965 4.19813147934 1.91652693993
0.40080160320641284 0.748911340622 5.7265531691 4.32634345688 0.682125321337
0.501002004008016 1.37051515211 6.61960179187 4.34422173559 -0.274260355785
0.6012024048096193 2.06224043997 7.11693236301 4.28158182298 -0.927477229091
0.7014028056112225 2.78182975408 7.16683331812 4.16718784025 -1.31683779244
0.8016032064128257 3.48140371314 6.70485744537 4.02449704991 -1.50173467243
0.9018036072144289 4.10580608961 5.654851558 3.87149777073 -1.5284148953
1.002004008016032 4.59371741467 3.98267113791 3.7226031066 -1.42318687929
1.1022044088176353 4.88592390741 1.77715891706 3.58994434512 -1.2092474011
1.2024048096192386 4.9403961875 -0.707796550573 3.4825432568 -0.928011239762
1.3026052104208417 4.74683052019 -3.11162778969 3.40415125351 -0.641344310935
1.402805611222445 4.33066051535 -5.1067060116 3.35211301368 -0.410888053085
1.503006012024048 3.74318174016 -6.51678804176 3.31854926345 -0.277247659555
1.6032064128256514 3.04460044906 -7.33418709049 3.29266369292 -0.259879284947
1.7034068136272544 2.29010040883 -7.65215702137 3.2621178602 -0.373146162894
1.8036072144288577 1.52402550553 -7.58197853508 3.21276202434 -0.640133880401
1.9038076152304608 0.780904923284 -7.20389446056 3.12764335998 -1.09229082566
2.004008016032064 0.0891770156115 -6.56135893531 2.98682522963 -1.75423631004
2.1042084168336674 -0.526169104553 -5.6851964389 2.76920245566 -2.62080275752
2.2044088176352705 -1.04397775316 -4.62587681772 2.45649237849 -3.63905794847
2.3046092184368736 -1.44996583677 -3.47071092727 2.03815372456 -4.70985517778
2.404809619238477 -1.74007585037 -2.33216526578 1.51486578721 -5.71453982079
2.50501002004008 -1.92142212694 -1.31462577054 0.898524575639 -6.55420243921
2.6052104208416833 -2.00982296203 -0.483906608197 0.208679130323 -7.17761933795
2.7054108216432864 -2.02532392405 0.140494993838 -0.53255212805 -7.58272595454
2.80561122244489 -1.98818967458 0.569780201252 -1.30448999011 -7.79574128744
2.905811623246493 -1.91708941602 0.820325657502 -2.08932017094 -7.84316662276
3.006012024048096 -1.82973723726 0.892040773892 -2.87093310531 -7.72980049096
3.1062124248496996 -1.74514880829 0.758677826721 -3.63216694114 -7.42959339047
3.2064128256513027 -1.68607840819 0.374520238163 -4.35193155441 -6.89291879099
3.306613226452906 -1.67984833495 -0.300125849791 -5.00398108874 -6.07223559985
3.406813627254509 -1.75581300017 -1.25900991943 -5.55902998564 -4.96130379489
3.5070140280561124 -1.93881237313 -2.41416507935 -5.99073410814 -3.62860329317
3.6072144288577155 -2.24042888313 -3.59211898752 -6.28351258872 -2.21626943164
3.7074148296593186 -2.65210438743 -4.57389819232 -6.43789964579 -0.89302624448
3.8076152304609217 -3.14360033654 -5.15530335897 -6.46987122462 0.211605756722
3.907815631262525 -3.66689530791 -5.19022392547 -6.40459686123 1.04615280633
4.008016032064128 -4.16297958145 -4.60672442164 -6.26864700884 1.62960778909
4.108216432865731 -4.56968477233 -3.41567977232 -6.08458278704 2.01671277018
4.208416833667335 -4.83070009617 -1.725689271 -5.86906154706 2.26679232665
4.3086172344689375 -4.90579821635 0.252804267131 -5.6331831658 2.4307410686
4.408817635270541 -4.77963666774 2.24367850486 -5.38338399017 2.55125596652
4.509018036072145 -4.46470106892 3.98206459244 -5.12211640081 2.66538990547
4.609218436873747 -3.99611371174 5.29093830017 -4.84839329345 2.80458515251
4.709418837675351 -3.42079026663 6.11223376552 -4.55839736946 2.99379227172
4.809619238476954 -2.78624380845 6.4853309968 -4.24615053205 3.25114702293
4.909819639278557 -2.13307881026 6.50084451122 -3.9042268934 3.58716107172
5.01002004008016 -1.49201073091 6.26023868797 -3.52461533604 4.00256261392
5.110220440881764 -0.884037084143 5.85390875762 -3.09982445329 4.4859698456
5.210420841683367 -0.321968577245 5.35461957343 -2.62413418061 5.01363989571
5.31062124248497 0.187808277795 4.81815869068 -2.09470311081 5.55268395727
5.410821643286573 0.64372647687 4.2851839138 -1.51219486919 6.06721381392
5.511022044088176 1.04758143753 3.7822759349 -0.88072641901 6.52523160098
5.61122244488978 1.40316491471 3.32292754056 -0.20720402172 6.90364756707
5.7114228456913825 1.71504968686 2.90977056527 0.499679622845 7.1898302788
5.811623246492986 1.98768820208 2.53855671173 1.23041981161 7.37963523628
5.9118236472945895 2.22497713366 2.20335432943 1.97534839052 7.47312223158
6.012024048096192 2.43035966881 1.90187778115 2.72480198718 7.46949876021
6.112224448897796 2.60741798052 1.63975284864 3.46880342993 7.36265337788
6.212424849699399 2.76079011356 1.43249680898 4.19637260702 7.13843466544
6.312625250501002 2.89711480019 1.30387713076 4.89470250561 6.77488460051
6.412825651302605 3.02557528292 1.27934890298 5.54856090222 6.24672309369
6.513026052104208 3.15751232086 1.37418092009 6.14038950367 5.53471772709
6.613226452905812 3.30466283423 1.57851981891 6.65152682502 4.63821713646
6.713426853707415 3.47598310325 1.8454002517 7.06464228596 3.58562582401
6.813627254509018 3.67376642028 2.0900330413 7.36681180469 2.43556827197
6.913827655310621 3.89051295592 2.20572903547 7.55204312335 1.26477553249
7.014028056112225 4.10813099759 2.09327771612 7.62207391683 0.14709522824
7.114228456913827 4.30031094579 1.69260253723 7.58506602867 -0.865496084602
7.214428857715431 4.43763713993 1.00391427789 7.45291155058 -1.750708101
7.3146292585170345 4.49393874405 0.0905803803345 7.2383874398 -2.51172911273
7.414829659318637 4.45195042748 -0.937109271378 6.95310134689 -3.16684271342
7.515030060120241 4.30659790287 -1.95167873123 6.60650884169 -3.73926693813
7.615230460921843 4.06505858317 -2.84108835624 6.20579402456 -4.2502801554
7.715430861723447 3.74390758313 -3.53256150023 5.75626482181 -4.71569045806
7.81563126252505 3.36463778005 -4.00066814024 5.26197591986 -5.14465617232
7.915831663326653 2.94915002722 -4.26067716366 4.72638781268 -5.54003515924
8.016032064128256 2.5163811984 -4.35374464032 4.15293551329 -5.89977560883
8.11623246492986 2.08051245685 -4.33126715613 3.54542328881 -6.21891635934
8.216432865731463 1.65057920205 -4.24299572669 2.90821022986 -6.4916659505
8.316633266533065 1.23101771356 -4.13025173228 2.24620649027 -6.7130287985
8.41683366733467 0.822661141001 -4.02351607598 1.56474470269 -6.87963332173
8.517034068136272 0.423823372376 -3.94279641129 0.869410377458 -6.98974942484
8.617234468937875 0.0312731990758 -3.89922474412 0.165900696265 -7.04276923987
8.71743486973948 -0.358961891376 -3.89669750435 -0.540054640137 -7.03855152737
8.817635270541082 -0.750926032697 -3.93282713771 -1.24271540654 -6.97698684922
8.917835671342685 -1.14811199925 -3.99890850137 -1.93632925301 -6.85797455412
9.01803607214429 -1.5527880978 -4.07900167977 -2.61514841823 -6.68179097144
9.118236472945892 -1.96520870053 -4.14864343762 -3.27349417167 -6.44962381069
9.218436873747494 -2.38271360041 -4.17410602244 -3.90586887162 -6.16392392889
9.318637274549099 -2.79883352332 -4.11350241974 -4.5070789678 -5.82822055492
9.418837675350701 -3.20265930972 -3.92117511603 -5.07230350223 -5.44620697786
9.519038076152304 -3.57886119726 -3.55636869933 -5.59703669325 -5.02018216479
9.619238476953909 -3.9087842651 -2.99576469769 -6.07685647751 -4.54921821299
9.719438877755511 -4.17288455595 -2.24700619341 -6.50701760433 -4.02758139328
9.819639278557114 -4.35434723401 -1.35770591319 -6.88192279281 -3.44396710845
9.919839679358718 -4.44311771318 -0.413771243882 -7.19458122465 -2.78211546456
10.02004008016032 -4.43907627119 0.476098605248 -7.43622597708 -2.02350106329
10.120240480961924 -4.35306288605 1.20669685794 -7.59633719191 -1.15282772131
10.220440881763528 -4.20508595801 1.70455171575 -7.6633615094 -0.166315807758
10.32064128256513 -4.02003971965 1.94772753291 -7.62632661812 0.919327702785
10.420841683366733 -3.82219474821 1.96975959128 -7.4771961513 2.06204805794
10.521042084168336 -3.63018064393 1.84619204466 -7.21328240182 3.19876568488
10.62124248496994 -3.45399870965 1.66890808616 -6.83870642734 4.2596397494
10.721442885771543 -3.29478944196 1.51879159646 -6.36415939355 5.18625131884
10.821643286573146 -3.14695873845 1.44754597478 -5.8050300624 5.94455613677
10.92184368737475 -3.00141852516 1.47366705714 -5.17875483767 6.5272207084
11.022044088176353 -2.84860462389 1.59005238844 -4.50242969832 6.94673961843
11.122244488977955 -2.68042597629 1.77657012089 -3.79134626156 7.22484841676
11.22244488977956 -2.49096541258 2.01157455803 -3.05855472334 7.38330586914
11.322645290581162 -2.27622032966 2.27934741366 -2.31516969692 7.43841272444
11.422845691382765 -2.03332510635 2.57307315682 -1.57102984158 7.39933003897
11.52304609218437 -1.75966466604 2.89422826569 -0.835372504093 7.26928401111
11.623246492985972 -1.45218102289 3.24951399 -0.117285352355 7.04866695649
11.723446893787575 -1.10706760747 3.64634041378 0.574211342531 6.73916221915
11.823647294589179 -0.719950860922 4.08780588806 1.23050860255 6.34791580668
11.923847695390782 -0.286558068142 4.56809643728 1.84411987799 5.89053166839
12.024048096192384 0.196204574515 5.06903028002 2.40958182301 5.39162446832
12.124248496993989 0.72889467953 5.5579172743 2.92425343695 4.88220669936
12.224448897795591 1.30800832953 5.98613708073 3.38870838425 4.3944303523
12.324649298597194 1.92431104165 6.28770677792 3.80654143235 3.95545699484
12.424849699398798 2.56105142829 6.37862670601 4.18361034198 3.58270813553
12.525050100200401 3.19228702563 6.1609152117 4.5269366143 3.28196701727
12.625250501002004 3.78214542947 5.53826569252 4.84356599026 3.04819915717
12.725450901803606 4.28647848524 4.44864491521 5.13957787064 2.86746827027
12.82565130260521 4.65847975855 2.90840956751 5.41927179684 2.71833003845
12.925851703406813 4.85841193645 1.0450407899 5.68444922289 2.57245150291
13.026052104208416 4.86473952383 -0.911603203695 5.93375265432 2.39522721026
13.12625250501002 4.68178427387 -2.68814921671 6.16205682109 2.14595560231
13.226452905811623 4.34010853617 -4.04641402284 6.35979080389 1.77620863185
13.326653306613226 3.88994730174 -4.83727278736 6.51208724364 1.22906204884
13.42685370741483 3.39135949389 -5.01308001024 6.59826383541 0.44827145446
13.527054108216433 2.90448792088 -4.61776723395 6.59306673458 -0.595500896878
13.627254509018035 2.48093392963 -3.77629860348 6.47112171942 -1.87012872662
13.72745490981964 2.15627399509 -2.67960603319 6.2141767791 -3.26609945731
13.827655310621243 1.9451138052 -1.54667052929 5.81790117821 -4.62325843349
13.927855711422845 1.84114219335 -0.565990499448 5.29406168945 -5.79141297666
14.02805611222445 1.82280230586 0.151613448665 4.66659566858 -6.68387810672
14.128256513026052 1.86181087068 0.580261375078 3.96422655736 -7.29005315084
14.228456913827655 1.93042509535 0.75004207811 3.21391783226 -7.64940237237
14.32865731462926 2.00504099707 0.707358698098 2.43779733302 -7.81295447074
14.428857715430862 2.06623844198 0.485911505848 1.65357379433 -7.81445768391
14.529058116232465 2.09679542171 0.0954507120091 0.876992050512 -7.65888348567
14.629258517034069 2.0794166424 -0.473244286784 0.124602640489 -7.3271589577
14.729458917835672 1.99560911534 -1.23127672466 -0.584617295838 -6.79368518022
14.829659318637274 1.82662603079 -2.16883971546 -1.22983121582 -6.05127089391
14.929859719438877 1.55654339903 -3.23761223757 -1.79137785931 -5.13329591046
15.030060120240481 1.17629873608 -4.35091082152 -2.25531194105 -4.11944920126
15.130260521042084 0.686598380994 -5.40541638689 -2.617321908 -3.11745155372
15.230460921843687 0.0980425284368 -6.31156530625 -2.88388626842 -2.22897343936
15.330661322645291 -0.571302889096 -7.01073075544 -3.07005633297 -1.51991641206
15.430861723446894 -1.29880408398 -7.4669592084 -3.19519708373 -1.01081396103
15.531062124248496 -2.05826741648 -7.64003883574 -3.27885164038 -0.687698259534
15.6312625250501 -2.8180975656 -7.45920120546 -3.33827729 -0.522362189916
15.731462925851703 -3.53775897698 -6.81893166949 -3.38794547629 -0.489466135822
15.831663326653306 -4.16566052822 -5.6134892227 -3.44022004432 -0.57196932485
15.93186372745491 -4.64256454471 -3.8102699755 -3.50586389707 -0.75257933448
16.03206412825651 -4.91301444153 -1.5272169368 -3.59324806165 -0.998574158807
16.132264529058116 -4.94196600723 0.952190972139 -3.70637852314 -1.25626336167
16.23246492985972 -4.72777824984 3.26677292688 -3.84335480747 -1.46511982021
16.33266533066132 -4.30294025239 5.11872954119 -3.99678514908 -1.57874505832
16.432865731462925 -3.72243165306 6.36334983997 -4.15561524231 -1.56902788161
16.53306613226453 -3.04820783299 6.99675734083 -4.30622614454 -1.40913755924
16.63326653306613 -2.33855627067 7.08276431002 -4.43153911133 -1.05493599072
16.733466933867735 -1.64481047836 6.6893467871 -4.50913346402 -0.446529786839
16.83366733466934 -1.01212528132 5.87377217615 -4.51090733935 0.462788717798
16.93386773547094 -0.479341665465 4.7116914507 -4.4066056725 1.66190653153
17.034068136272545 -0.0751896934308 3.33334721431 -4.17141297622 3.05139901939
17.13426853707415 0.187573724555 1.92251286339 -3.79447126905 4.45948441848
17.23446893787575 0.315284335061 0.665133894217 -3.28319892278 5.706046723
17.334669338677354 0.330226148879 -0.315258501395 -2.66043530896 6.67256893839
17.43486973947896 0.262560410796 -0.984996873186 -1.9564196206 7.32973809481
17.53507014028056 0.142102327762 -1.37785005719 -1.20067927854 7.71419301062
17.635270541082164 -0.0061740961175 -1.54879991739 -0.417688775919 7.88234992512
17.73547094188377 -0.162121622749 -1.53402623821 0.373000313011 7.87097240986
17.83567134268537 -0.307340961751 -1.33069231695 1.15361887736 7.6773559405
17.935871743486974 -0.421169497663 -0.898546004867 1.90412228807 7.26080469384
18.03607214428858 -0.477922666236 -0.183253478724 2.59934632873 6.56535407882
18.13627254509018 -0.447469216526 0.841610236965 3.20942865559 5.56112845761
18.236472945891784 -0.300355359914 2.12999861794 3.70475167997 4.28914385023
18.336673346693388 -0.0162385288072 3.54751455654 4.06428290477 2.87858620932
18.43687374749499 0.408594957457 4.90644636726 4.28311399687 1.51199884182
18.537074148296593 0.959149464898 6.03200215767 4.37433009971 0.353426535701
18.637274549098198 1.60566219454 6.80759835938 4.36389265084 -0.51023372441
18.7374749498998 2.30951955129 7.16801464441 4.28202886276 -1.07774495245
18.837675350701403 3.02649868145 7.0594340825 4.15613114227 -1.39935439495
18.937875751503007 3.70622122075 6.41131833952 4.00784931174 -1.5330581458
19.03807615230461 4.29092757221 5.1545027351 3.85382712341 -1.51875787379
19.138276553106213 4.71866648332 3.28837112961 3.70765556641 -1.37986415949
19.238476953907817 4.9341831828 0.956835520162 3.58056942561 -1.14394436755
19.338677354709418 4.90484470874 -1.53912073961 3.48003879127 -0.859795465544
19.438877755511022 4.63255730654 -3.83397237581 3.40773170177 -0.591314457195
19.539078156312627 4.15296732642 -5.64231965677 3.35912856917 -0.39412086409
19.639278557114228 3.52215095212 -6.84764428144 3.32526487284 -0.300666305869
19.739478957915832 2.79973429383 -7.48525557339 3.29487669494 -0.32696609169
19.839679358717436 2.03747431642 -7.66228717193 3.25520325605 -0.489514050915
19.939879759519037 1.27605781097 -7.48307645741 3.19134823816 -0.814818886732
20.04008016032064 0.547467340801 -7.01508085031 3.08543177256 -1.33371479752
20.140280561122246 -0.121347029115 -6.2948307366 2.91700814525 -2.06280284298
20.240480961923847 -0.70671641576 -5.35685361129 2.66563613074 -2.9820172326
20.34068136272545 -1.18960713491 -4.26276957192 2.31532368491 -4.02215027694
20.440881763527056 -1.55898087454 -3.10944640927 1.85916230397 -5.07495028457
20.541082164328657 -1.81452382784 -2.0087975928 1.30174385325 -6.02569740823
20.64128256513026 -1.96644692026 -1.05338596438 0.65787499997 -6.7905656235
20.741482965931862 -2.03217679113 -0.292696951414 -0.0517141374236 -7.33609208819
20.841683366733466 -2.03187348648 0.266063387978 -0.805265547291 -7.67213267622
20.94188376753507 -1.98509857216 0.637844619724 -1.58318553487 -7.82733402381
21.04208416833667 -1.90986411849 0.834772499967 -2.36855273105 -7.82243149805
21.142284569138276 -1.82391088686 0.848104315212 -3.14532066171 -7.65219440223
21.24248496993988 -1.74716337198 0.643557209997 -3.89537867827 -7.28131194785
21.34268537074148 -1.70381407936 0.173908446574 -4.59603780591 -6.6574375889
21.442885771543086 -1.72220908969 -0.590046862371 -5.21973691718 -5.7420663647
21.54308617234469 -1.830995319 -1.61844612315 -5.7374311471 -4.55042521681
21.64328657314629 -2.05155991937 -2.79418193902 -6.12548293577 -3.17655750576
21.743486973947896 -2.38942941559 -3.92342010828 -6.37315528716 -1.77713048036
21.8436873747495 -2.82886682198 -4.78588446608 -6.48624520104 -0.514102670316
21.9438877755511 -3.33323888319 -5.19300307066 -6.48437535694 0.50647177265
22.044088176352705 -3.8501579824 -5.02213584862 -6.39379216268 1.2583399484
22.14428857715431 -4.31877208639 -4.22822117058 -6.24006190473 1.77567053297
22.24448897795591 -4.67801224533 -2.85441627591 -6.04382359849 2.1169127672
22.344689378757515 -4.8761650581 -1.04580658914 -5.81979548144 2.33911439005
22.44488977955912 -4.88100524206 0.958498060774 -5.57743044805 2.49020371995
22.54509018036072 -4.68696216597 2.87797793893 -5.32176852973 2.61082581635
22.645290581162325 -4.31522651725 4.47272138006 -5.05405614766 2.73611878343
22.74549098196393 -3.80613380184 5.60719741891 -4.77231118059 2.89522661322
22.84569138276553 -3.20767145435 6.26147982651 -4.47196297068 3.11061366423
22.945891783567134 -2.56533192188 6.49761874021 -4.14653830516 3.39768515103
23.04609218436874 -1.91624629833 6.41327706364 -3.78842302598 3.76347129947
23.14629258517034 -1.28748299582 6.10753879417 -3.38981610481 4.20426614792
23.246492985971944 -0.696838468124 5.66503180738 -2.94390428613 4.70396182156
23.34669338677355 -0.154525670957 5.15252995155 -2.4460794949 5.23512283531
23.44689378757515 0.335089772057 4.62028553507 -1.89487548359 5.76346317934
23.547094188376754 0.77191801694 4.10358342903 -1.29233107001 6.25446597408
23.647294589178358 1.15869553126 3.62371248317 -0.643684439818 6.6796728603
23.74749498997996 1.49964633468 3.18942452544 0.043446288089 7.02035825589
23.847695390781563 1.79935976447 2.79990074055 0.760072821316 7.26762484404
23.947895791583168 2.06204807441 2.4492871526 1.49669358364 7.41944491319
24.04809619238477 2.291306789 2.1320184597 2.24375754654 7.4760316041
24.148296593186373 2.49040015898 1.84779884229 2.99164378718 7.43502127991
24.248496993987978 2.66298352894 1.6051238078 3.73019855338 7.28764757074
24.34869739478958 2.81405259293 1.42210306433 4.44798591297 7.01703270056
24.448897795591183 2.95078762679 1.32330067313 5.13152112492 6.59976868855
24.549098196392787 3.0828326697 1.33149983099 5.76487770195 6.01194564467
24.649298597194388 3.22149598578 1.45471444765 6.33013293133 5.23964269644
24.749498997995993 3.37754036957 1.67186214979 6.80898444505 4.29109376971
24.849699398797597 3.55774793546 1.92402169497 7.1854285841 3.20450056411
24.949899799599198 3.76122314036 2.11902812953 7.44871741624 2.04493192729
25.050100200400802 3.97697769563 2.15220837817 7.59536311676 0.888880872963
25.150300601202403 4.18418341412 1.93718137762 7.62923468285 -0.196650969869
25.250501002004007 4.35551107256 1.43449422607 7.55974514327 -1.16967194199
25.350701402805612 4.46273452579 0.666672208023 7.3990628296 -2.01675131043
25.450901803607213 4.48290615117 -0.285709854311 7.15952259538 -2.74635751078
25.551102204408817 4.40322203659 -1.30546833213 6.85195288866 -3.37835403057
25.65130260521042 4.22315673822 -2.27019096378 6.48501111379 -3.93497904508
25.751503006012022 3.95342541951 -3.08217853179 6.06525642119 -4.4352176316
25.851703406813627 3.61247024518 -3.6866079524 5.59762852997 -4.89216446998
25.95190380761523 3.22191849769 -4.07389426899 5.08608140853 -5.3124307573
26.052104208416832 2.80247922055 -4.26959383066 4.53420397264 -5.69690689442
26.152304609218437 2.37117963503 -4.31901131574 3.94571601583 -6.04241551176
26.25250501002004 1.9401306584 -4.27290672656 3.32477380697 -6.34376980917
26.352705410821642 1.51651696049 -4.17762442253 2.67607230922 -6.59568266779
26.452905811623246 1.10332716119 -4.07010845955 2.00478410376 -6.79405474364
26.55310621242485 0.700382116973 -3.97667081496 1.31641032757 -6.93643441576
26.65330661322645 0.30536510456 -3.91391379318 0.616623471724 -7.02176897698
26.753507014028056 -0.0852867943996 -3.89038222919 -0.0888434569371 -7.04979472135
26.85370741482966 -0.475649436897 -3.9079348601 -0.79424534494 -7.02046052539
26.95390781563126 -0.86967556799 -3.96226140552 -1.49383067041 -6.93368346061
27.054108216432866 -1.27056066282 -4.04240133135 -2.18184417384 -6.78953570542
27.15430861723447 -1.68001902548 -4.12950839655 -2.85256610019 -6.58875266045
27.25450901803607 -2.09742399345 -4.19552645056 -3.50040676575 -6.3332657103
27.354709418837675 -2.51885482002 -4.20285660807 -4.12003979748 -6.02638163803
27.45490981963928 -2.93621845717 -4.10644927186 -4.70652181905 -5.67229041913
27.55511022044088 -3.33676281041 -3.85972758446 -5.25532430776 -5.27481643726
27.655310621242485 -3.70340851912 -3.42503459025 -5.76221025802 -4.8356262101
27.75551102204409 -4.01632523823 -2.78745568866 -6.22292164987 -4.35235807206
27.85571142284569 -4.25589307717 -1.9679857382 -6.63270089699 -3.81723167195
27.955911823647295 -4.40670591355 -1.02985733668 -6.98571757054 -3.21666144748
28.0561122244489 -4.46160240115 -0.0720836260672 -7.27453085739 -2.53246097188
28.1563126252505 -4.42432770729 0.791046626685 -7.48978310801 -1.7453852163
28.256513026052104 -4.30964203089 1.4589890393 -7.6203964711 -0.841694606922
28.35671342685371 -4.14051689503 1.87223442525 -7.65456812898 0.177707214158
28.45691382765531 -3.94311443813 2.02778255896 -7.58169778674 1.28859982391
28.557114228456914 -3.74107671102 1.97709653596 -7.39493197936 2.44075322045
28.65731462925852 -3.55089285639 1.80719771399 -7.09347477369 3.56572369472
28.75751503006012 -3.37972511043 1.61231986688 -6.68361370282 4.5938005167
28.857715430861724 -3.22606487384 1.46772077825 -6.1779065991 5.47212557136
28.95791583166333 -3.08247002898 1.41548034313 -5.59288799716 6.17492481835
29.05811623246493 -2.93898087235 1.46488295026 -4.94632161168 6.70241106489
29.158316633266534 -2.78593880496 1.60278469156 -4.25501018698 7.07172199132
29.258517034068138 -2.61557388027 1.80679942228 -3.53365253266 7.30595689929
29.35871743486974 -2.422355191 2.05596708275 -2.79470327419 7.42581002201
29.458917835671343 -2.2025080817 2.33683905311 -2.0488575948 7.4453126535
29.559118236472944 -1.95314261753 2.64517027136 -1.3057747628 7.37127274082
29.65931863727455 -1.6713898494 2.98431084631 -0.574715269526 7.20534846915
29.759519038076153 -1.35381504869 3.36144245413 0.135118701478 6.94776280545
29.859719438877754 -0.996274612377 3.78267524389 0.814660328744 6.60173358516
29.95991983967936 -0.594279356005 4.24800789224 1.45548855432 6.17749306195
30.060120240480963 -0.143829158177 4.74707497052 2.05066492768 5.69456685747
30.160320641282564 0.357393192418 5.25628499379 2.5956595068 5.18111950896
30.260521042084168 0.908606402781 5.73717508492 3.08904654901 4.67006414516
30.360721442885772 1.50437686795 6.13511770659 3.53268821426 4.19302774353
30.460921843687373 2.13292597538 6.37787303886 3.93129418392 3.77434974354
30.561122244488978 2.77434123504 6.37569359622 4.29147615595 3.42728612555
30.661322645290582 3.3990815747 6.02826221701 4.62057844155 3.15333275781
30.761523046092183 3.9678319717 5.24583740284 4.92556789085 2.94381671887
30.861723446893787 4.43435756252 3.98757949022 5.21211804492 2.7818602586
30.96192384769539 4.75266835737 2.30580660058 5.48384803425 2.64342763822
31.062124248496993 4.88778271196 0.367888957644 5.74163038736 2.497832793
31.162324649298597 4.8263459051 -1.57089191248 5.98295838283 2.30840731494
31.2625250501002 4.58208550462 -3.23903316045 6.20134853987 2.03221265341
31.362725450901802 4.19348939899 -4.42414294975 6.38561335497 1.61792908877
31.462925851703407 3.7155381518 -5.01216689473 6.51900520137 1.00685625676
31.56312625250501 3.20958689541 -4.98809480911 6.57904195225 0.147139504449
31.663326653306612 2.73405307116 -4.42371323839 6.53963809324 -0.975199845482
31.763527054108216 2.33622152569 -3.4676361345 6.37663302526 -2.30376670226
31.86372745490982 2.04536908007 -2.32537727449 6.07540795324 -3.70753239756
31.96392785571142 1.86914784621 -1.21332076586 5.63668119195 -5.02135536911
32.06412825651302 1.79549935215 -0.299395164077 5.07673672339 -6.10991269236
32.16432865731463 1.79967353927 0.333608961313 4.42193899727 -6.91090356021
32.26452905811623 1.8527975584 0.68191634245 3.70112583673 -7.43354411807
32.364729458917836 1.9281410896 0.78515000039 2.93996316002 -7.72523661574
32.46492985971944 2.00347551914 0.688087271738 2.15906169267 -7.83406606498
32.565130260521045 2.06024685336 0.416872118162 1.37525030173 -7.78496349403
32.66533066132264 2.08127712838 -0.0267379259815 0.604344784379 -7.5735882503
32.765531062124246 2.04868793916 -0.655830918859 -0.136271474523 -7.17565568104
32.86573146292585 1.94336324547 -1.47809077277 -0.826624819171 -6.56794654772
32.965931863727455 1.74667255127 -2.47265030533 -1.44556017598 -5.75427892709
33.06613226452906 1.44414773684 -3.57657796199 -1.97451279529 -4.78427866485
33.166332665330664 1.02951367066 -4.69253437734 -2.40221417256 -3.75147969518
33.26653306613226 0.506865916955 -5.71634413787 -2.72796487201 -2.76751196763
33.366733466933866 -0.110201934868 -6.56637189323 -2.96164088357 -1.92618569502
33.46693386773547 -0.801567392461 -7.19325930709 -3.12050407819 -1.2788035974
33.567134268537075 -1.5431865179 -7.56365869091 -3.22465105885 -0.832151122469
33.66733466933868 -2.30723353315 -7.63043765891 -3.29325304741 -0.564474277866
33.76753507014028 -3.05946461829 -7.31080710263 -3.34276186207 -0.44647305814
33.86773547094188 -3.75567784064 -6.49325066147 -3.38695941311 -0.455510249623
33.967935871743485 -4.34091819961 -5.08631584547 -3.43778176403 -0.576226758394
34.06813627254509 -4.75542198838 -3.0997479165 -3.50550347026 -0.788069523938
34.168336673346694 -4.94845133858 -0.709670829109 -3.59743926873 -1.05091195039
34.2685370741483 -4.89496005244 1.75947807478 -3.7158385326 -1.30572830106
34.3687374749499 -4.60524547807 3.95119092116 -3.85685883081 -1.49392651707
34.4689378757515 -4.12103159007 5.61300361067 -4.01164460364 -1.57558930545
34.569138276553105 -3.50128914058 6.65342810013 -4.16823027375 -1.52597195918
34.66933867735471 -2.80751054434 7.10138819976 -4.31208587604 -1.31496437627
34.76953907815631 -2.09554958504 7.02836375534 -4.42470719193 -0.892640200536
34.86973947895792 -1.41428413627 6.49798135274 -4.48188654148 -0.199119730385
34.96993987975952 -0.806747951579 5.56747096177 -4.45433310084 0.799690640228
35.07014028056112 -0.309072382446 4.3243870464 -4.31251844509 2.068031755
35.170340681362724 0.0542919777087 2.91616525 -4.03499826448 3.48097934395
35.27054108216433 0.276199034912 1.53337337762 -3.61619315517 4.85655649471
35.37074148296593 0.368296470439 0.348898311236 -3.06868045763 6.02709506754
35.47094188376754 0.356096277344 -0.539959298364 -2.41839262362 6.90029453761
35.57114228456914 0.270350863884 -1.1234227603 -1.69603769935 7.47046158984
35.67134268537074 0.139669887525 -1.4463558655 -0.929852445823 7.78490559479
35.77154308617234 -0.0125917853862 -1.56146665446 -0.142646997358 7.89742063204
35.87174348697395 -0.167215658044 -1.4944823838 0.646972266439 7.83408345022
35.97194388777555 -0.305541874539 -1.23034275858 1.4209706868 7.5797519315
36.07214428857716 -0.405599489738 -0.721174257555 2.15796485152 7.08579800914
36.17234468937876 -0.440124713843 0.0842128710588 2.83114259722 6.29895506796
36.27254509018036 -0.378424914842 1.19503963355 3.4099658599 5.2061357148
36.37274549098196 -0.192757491643 2.5387776638 3.86638762975 3.87477389152
36.47294589178357 0.132952352572 3.95921786777 4.1835129395 2.45602622341
36.57314629258517 0.596798367286 5.26482537907 4.36189530552 1.1351690195
36.673346693386776 1.17873057468 6.29436653098 4.41923744847 0.0577926050561
36.77354709418837 1.84558798682 6.94792993774 4.3837064434 -0.716087713182
36.87374749498998 2.55658162426 7.16667970261 4.28528373478 -1.20527694924
36.97394789579158 3.26534896058 6.89225608287 4.14977142064 -1.46664262276
37.07414829659319 3.91884455563 6.05090486801 3.99713413982 -1.55456150538
37.17434869739479 4.45710852487 4.58862035941 3.84287423862 -1.50316871007
37.274549098196395 4.81886953975 2.54701530702 3.69980166863 -1.33530165966
37.37474949899799 4.95468656322 0.125846777798 3.57807875956 -1.08443874923
37.4749498997996 4.84262270465 -2.33857095145 3.48342764164 -0.805499934774
37.5751503006012 4.49653468815 -4.49301590154 3.41547099047 -0.561466338916
37.675350701402806 3.96058245349 -6.1038961735 3.36810669407 -0.400495603632
37.77555110220441 3.29361815999 -7.11116227271 3.33157076909 -0.348147249137
37.875751503006015 2.55342265311 -7.58318159223 3.29422516116 -0.419140639442
37.97595190380761 1.78803064021 -7.63258893557 3.24281616629 -0.632983129677
38.07615230460922 1.03476725751 -7.35357145528 3.16163997094 -1.01854070574
38.17635270541082 0.323441197677 -6.80209535531 3.03201219729 -1.60360524063
38.276553106212425 -0.320373210235 -6.0112441613 2.83336123147 -2.39424878967
38.37675350701403 -0.874554537708 -5.02208151368 2.54647644542 -3.35464812622
38.476953907815634 -1.32256800154 -3.90727381564 2.15816655509 -4.40141483499
38.57715430861723 -1.65681467945 -2.76987325963 1.66531878711 -5.42175383345
38.677354709418836 -1.88050525444 -1.71688444051 1.07612229319 -6.30934703457
38.77755511022044 -2.00637323928 -0.826809670713 0.407653456201 -6.9971053603
38.877755511022045 -2.05282401753 -0.133830221323 -0.318807309822 -7.46766990409
38.97795591182365 -2.03972292058 0.364095129679 -1.08222372033 -7.73944845779
39.078156312625254 -1.98584098319 0.682564296797 -1.86411100192 -7.84039496376
39.17835671342685 -1.90870240736 0.827557017466 -2.64821377476 -7.78370277699
39.278557114228455 -1.82635191807 0.781464942126 -3.41822638273 -7.55401550129
39.37875751503006 -1.75982892527 0.503618585477 -4.15484683672 -7.10845547433
39.478957915831664 -1.73471335285 -0.0512896312049 -4.83380128562 -6.39531933398
39.57915831663327 -1.77992768773 -0.897783249505 -5.42661099821 -5.3891205777
39.67935871743487 -1.92260494545 -1.97991085332 -5.90519666213 -4.12859065612
39.77955911823647 -2.17982611597 -3.15324961499 -6.24934124503 -2.73079828551
39.879759519038075 -2.55061340883 -4.20944944211 -6.45338141483 -1.36029724447
39.97995991983968 -3.01223801654 -4.93303147092 -6.5279136202 -0.165991947718
40.08016032064128 -3.5223361139 -5.15427193567 -6.49532626093 0.771172723627
40.18036072144289 -4.02501742598 -4.77518132221 -6.38214851177 1.44717083173
40.28056112224449 -4.4585806701 -3.77928947197 -6.21254339756 1.90708167849
40.38076152304609 -4.76425858707 -2.24410536582 -6.00518863235 2.21043489297
40.480961923847694 -4.89621444204 -0.349926934596 -5.7729773136 2.41146303326
40.5811623246493 -4.83106974492 1.64295501055 -5.52382752378 2.55545548206
40.6813627254509 -4.57289611449 3.46063112831 -5.26146827362 2.68111529219
40.78156312625251 -4.15045953797 4.89600896281 -4.98603084311 2.82150225552
40.88176352705411 -3.60774709915 5.85560744077 -4.69464492559 3.00333815792
40.98196392785571 -2.9925155011 6.35260674693 -4.3821033274 3.2464905734
41.08216432865731 -2.34752477331 6.4656786482 -4.04157428108 3.56332907247
41.18236472945892 -1.70624047887 6.29546831614 -3.66543122663 3.95696700845
41.28256513026052 -1.09217411905 5.93700324194 -3.24629503133 4.41904184133
41.38276553106213 -0.520101475181 5.46887171765 -2.77823947717 4.92904203963
41.482965931863724 0.00218001379985 4.95191966251 -2.25791391251 5.45676350392
41.58316633266533 0.472143715726 4.43077718082 -1.68526052397 5.96777001676
41.68336673346693 0.890979773092 3.93517276284 -1.06360580767 6.43000444765
41.78356713426854 1.26215580115 3.48108799638 -0.399136318863 6.81910828733
41.88376753507014 1.59013306976 3.07284413848 0.300013498507 7.12062509956
41.983967935871746 1.87936786703 2.70676388897 1.02471940354 7.32880418263
42.08416833667334 2.13374949063 2.37608266427 1.76557030788 7.44293627551
42.18436873747495 2.35655592685 2.07616874348 2.51314135995 7.46266936408
42.28456913827655 2.55089899089 1.80901060027 3.25780353447 7.38361448489
42.38476953907816 2.72054357667 1.58586261635 3.98914906079 7.19429458399
42.48496993987976 2.87084369606 1.42682036847 4.69522783677 6.87553480545
42.585170340681366 3.00943614914 1.35613400565 5.36188714447 6.40341757386
42.68537074148296 3.14621053848 1.39250782724 5.97263094761 5.75668955651
42.78557114228457 3.29209584803 1.53557913277 6.50942209562 4.92786664948
42.88577154308617 3.45646966845 1.75304763543 6.95464225887 3.93429317888
42.985971943887776 3.64362020509 1.97590199061 7.29388986908 2.82272076458
43.08617234468938 3.84942149453 2.10819992602 7.51867746214 1.66221022035
43.186372745490985 4.05975844055 2.05143441555 7.62784565606 0.52654429811
43.28657314629258 4.25180015875 1.73509438264 7.62702771709 -0.525318048953
43.38677354709419 4.39812620681 1.14103072752 7.52648650436 -1.46088017591
43.48697394789579 4.4725591821 0.312062967549 7.33837466411 -2.27404664296
43.587174348697395 4.45591457319 -0.658221335839 7.07445752109 -2.97694305449
43.687374749499 4.33991411018 -1.65078483874 6.74479849122 -3.58985066045
43.787575150300604 4.12817006608 -2.55242116782 6.35736004347 -4.13340416582
43.8877755511022 3.83421488798 -3.28165125204 5.91822059613 -4.62407307716
43.987975951903806 3.47757975964 -3.80100682778 5.43210331579 -5.0722911328
44.08817635270541 3.07939749815 -4.11449449086 4.90299747167 -5.48238064865
44.188376753507015 2.65881604166 -4.25526995295 4.33472212521 -5.85367211585
44.28857715430862 2.23083181667 -4.2705501437 3.73133931412 -6.18233368484
44.388777555110224 1.80555058158 -4.20907570559 3.09736857799 -6.46337529898
44.48897795591182 1.38846697169 -4.11321480134 2.4378163911 -6.69229011742
44.589178356713425 0.981308145466 -4.01553662923 1.75807500613 -6.86596783406
44.68937875751503 0.583050573682 -3.93850312662 1.06377039572 -6.98281450138
44.789579158316634 0.190877253561 -3.89570943252 0.360629209388 -7.04231649644
44.88977955911824 -0.199012958878 -3.8934349444 -0.345598525165 -7.04442454135
44.98997995991984 -0.590729125028 -3.93164093539 -1.04916178602 -6.98912632356
45.09018036072144 -0.988065993375 -4.00401395332 -1.74430727747 -6.87642231841
45.190380761523045 -1.3938361906 -4.09704816756 -2.42529732606 -6.70671315155
45.29058116232465 -1.80907797168 -4.1885670934 -3.08647908884 -6.48139498919
45.390781563126254 -2.23211791719 -4.24650787022 -3.72241005248 -6.2033095659
45.49098196392786 -2.65757750733 -4.22922649246 -4.3280044941 -5.87666430134
45.591182364729455 -3.07554626785 -4.08882414993 -4.8986350749 -5.50618560976
45.69138276553106 -3.47130476732 -3.77887176596 -5.43010990387 -5.095536329
45.791583166332664 -3.8260498838 -3.26666483733 -5.91846959293 -4.64535987028
45.89178356713427 -4.11900582964 -2.54797415164 -6.3595901355 -4.15146661219
45.99198396793587 -4.33093466679 -1.65916406536 -6.74863442977 -3.60370898278
46.09218436873748 -4.44844080167 -0.679768261913 -7.07944658059 -2.98605309248
46.192384769539075 -4.46782967093 0.279361227368 -7.34403754282 -2.27844806737
46.29258517034068 -4.39706579857 1.10133190902 -7.53238297794 -1.46133171314
46.392785571142284 -4.25484110986 1.69389977147 -7.63283210713 -0.523338609192
46.49298597194389 -4.06676069987 2.01447105251 -7.63341626175 0.528855377114
46.59318637274549 -3.85970794194 2.08028712278 -7.52409325478 1.66264749453
46.6933867735471 -3.65611458987 1.96007551342 -7.29942890548 2.81962132598
46.793587174348694 -3.46989989016 1.75015845523 -6.96069921744 3.92705195031
46.8937875751503 -3.30520842366 1.54447829997 -6.51639368805 4.9170251277
46.9939879759519 -3.15794148315 1.41070003597 -5.9808157756 5.74357279741
47.09418837675351 -3.01900458733 1.38058538068 -5.37143546506 6.38957443589
47.19438877755511 -2.87777174593 1.45461326357 -4.70614296331 6.86228675506
47.294589178356716 -2.72462455028 1.61452875276 -4.00132153634 7.18256856023
47.394789579158314 -2.55214779365 1.83659734002 -3.27104833727 7.37401061451
47.49498997995992 -2.35516001409 2.10114884019 -2.52722269961 7.45564897668
47.59519038076152 -2.13003352109 2.39722832046 -1.7802048338 7.43900338245
47.69539078156313 -1.87376869041 2.72303062305 -1.03956622526 7.32862476978
47.79559118236473 -1.58318579489 3.08335159608 -0.314656974921 7.12500295989
47.895791583166336 -1.25447232472 3.48519850841 0.385193633149 6.82883622702
47.99599198396793 -0.883218655959 3.93261952581 1.05093061492 6.44562610121
48.09619238476954 -0.464965569335 4.42179694929 1.67445041414 5.98933049392
48.19639278557114 0.00380750763986 4.93732037411 2.2495383968 5.4836478801
48.296593186372746 0.524397968546 5.44997690999 2.77277341961 4.95998777869
48.39679358717435 1.09443127465 5.91550885484 3.24406257374 4.4523462351
48.496993987975955 1.70629118082 6.27328344171 3.66657660309 3.99081873608
48.59719438877755 2.34540276204 6.44486299769 4.04606976171 3.59610419806
48.69739478957916 2.98846999418 6.33539715751 4.38977532848 3.27694388536
48.79759519038076 3.60226005429 5.84443588986 4.70521506808 3.03061744413
48.897795591182366 4.14426110374 4.89329109531 4.99915152381 2.84506258864
48.99799599198397 4.56692592543 3.46810630877 5.27674880296 2.70062339067
49.098196392785574 4.82638014231 1.66088140182 5.54085197651 2.57074290884
49.19839679358717 4.89378087214 -0.32326985332 5.79132009121 2.42249024589
49.298597194388776 4.76480081586 -2.21197127511 6.0244231818 2.21720669459
49.39879759519038 4.46246535092 -3.74525888337 6.23224156612 1.90955385823
49.498997995991985 4.03228648318 -4.7420269278 6.40187630569 1.44528277024
49.59919839679359 3.53281226646 -5.12360109716 6.51465134902 0.765080583972
49.699398797595194 3.02562412862 -4.90575230377 6.54644497696 -0.175557229556
49.79959919839679 2.56652583762 -4.18647572492 6.4708405803 -1.37182882158
49.899799599198396 2.19777552548 -3.13578525655 6.26563079183 -2.74225256762
50.0 1.94197734946 -1.96913908276 5.92042508026 -4.13804434711
