0.0 0.7 0.0 0.1 0.0
0.2002002002002002 0.690741783145 -0.0916211125854 0.115314961559 0.15120237857
0.4004004004004004 0.663879082321 -0.17479891036 0.159533003362 0.287316856696
0.6006006006006006 0.621730720671 -0.24333326924 0.228806732969 0.400238700176
0.8008008008008008 0.567795018206 -0.291730462689 0.317776327275 0.483061919397
1.001001001001001 0.506542630629 -0.315910470383 0.419876332136 0.530775447442
1.2012012012012012 0.44304787666 -0.314059193895 0.527790940603 0.541008451066
1.4014014014014013 0.382468162817 -0.287206284902 0.634035131412 0.514462052915
1.6016016016016017 0.32946781047 -0.239187253312 0.731563899981 0.454757849936
1.8018018018018018 0.287714284514 -0.17597064838 0.814294092478 0.367730066698
2.002002002002002 0.259551819784 -0.104627949745 0.877450268309 0.260442722156
2.2022022022022023 0.245883234517 -0.032338553682 0.917717483912 0.140291896228
2.4024024024024024 0.246223978993 0.0342954615649 0.93324294311 0.0144256804439
2.6026026026026026 0.258855848842 0.0895857836325 0.923556850373 -0.110510913425
2.8028028028028027 0.281024098234 0.128878083682 0.889462499786 -0.228453560323
3.003003003003003 0.309152761237 0.148643588472 0.832912412132 -0.334010201059
3.2032032032032034 0.339086270238 0.146660493946 0.756853971747 -0.422684212229
3.4034034034034035 0.36637699465 0.122279367455 0.665016868691 -0.491219552135
3.6036036036036037 0.386625515498 0.0766607197515 0.561628717396 -0.537947314653
3.803803803803804 0.395853664361 0.0128430908123 0.451074445812 -0.562976152742
4.004004004004004 0.390866025987 -0.0644461694529 0.337542996186 -0.568119217184
4.2042042042042045 0.369548147902 -0.149223854337 0.224715964391 -0.556557915925
4.404404404404405 0.331060816668 -0.23483813943 0.115542648566 -0.532334690335
4.604604604604605 0.275910610179 -0.314599629085 0.0121229201056 -0.499804931198
4.804804804804805 0.20589696738 -0.382378652995 -0.0843053446785 -0.463150125352
5.005005005005005 0.123945624754 -0.433131966431 -0.173291372217 -0.42600028478
5.205205205205205 0.0338459101502 -0.463340100441 -0.255032799537 -0.391166618215
5.405405405405405 -0.0600883228024 -0.471323355722 -0.330193306268 -0.360472970344
5.605605605605605 -0.153405011814 -0.457386860702 -0.399695826971 -0.334681781582
5.8058058058058055 -0.241908077617 -0.423753703946 -0.464510987617 -0.313519619402
6.006006006006006 -0.322016306365 -0.374278738179 -0.525461020642 -0.295807867612
6.206206206206206 -0.391046175757 -0.313987339204 -0.583059791 -0.279689237367
6.406406406406407 -0.447391196933 -0.248518934635 -0.637405793514 -0.262924074106
6.606606606606607 -0.4905879972 -0.183561076631 -0.688138152324 -0.243219093252
6.806806806806807 -0.521273546384 -0.124339832266 -0.734458531268 -0.218549365712
7.007007007007007 -0.541049212443 -0.0752043797774 -0.775213939443 -0.187437203908
7.207207207207207 -0.552272669513 -0.0393195632457 -0.809028413322 -0.149159965235
7.407407407407407 -0.557799380635 -0.0184698966806 -0.834467536862 -0.103868045734
7.607607607607608 -0.560695873253 -0.0129741431961 -0.850216990593 -0.052606562773
7.807807807807808 -0.563946779488 -0.0217077531122 -0.855256164111 0.00275354377286
8.008008008008009 -0.570176601319 -0.042226192792 -0.849010254691 0.059658868391
8.208208208208209 -0.581405685299 -0.0709821377175 -0.831467577367 0.115074957655
8.408408408408409 -0.598858438551 -0.103628319768 -0.803251794378 0.165733490614
8.608608608608609 -0.622839840422 -0.135395626296 -0.765640746194 0.208418312815
8.80880880880881 -0.652693720137 -0.161525825241 -0.720524777473 0.240280283422
9.00900900900901 -0.686849752783 -0.177717684824 -0.67030118682 0.259155698681
9.20920920920921 -0.722956225965 -0.180524651752 -0.617708056093 0.263843552353
9.40940940940941 -0.758081732638 -0.167636774854 -0.565611339807 0.254287345644
9.60960960960961 -0.788957711887 -0.138001653036 -0.516768747373 0.231619786996
9.80980980980981 -0.81222878357 -0.0917869254091 -0.473599343006 0.198063965295
10.01001001001001 -0.824683908269 -0.0302389019121 -0.437984647806 0.15672632433
10.21021021021021 -0.823455680675 0.0444807771311 -0.411117049006 0.111341287643
10.41041041041041 -0.806190810802 0.129410668441 -0.393399472167 0.0660227506914
10.61061061061061 -0.771204504955 0.220837649317 -0.384391723981 0.0250453075944
10.81081081081081 -0.717628679118 0.314321863615 -0.382798853734 -0.00736272236538
11.01101101101101 -0.645550224123 0.404791391119 -0.38650354558 -0.0272592328696
11.21121121121121 -0.556114578309 0.486803948185 -0.39265309784 -0.0312983823587
11.411411411411411 -0.451555947992 0.555020920554 -0.397815863182 -0.0171076033848
11.611611611611611 -0.335114811792 0.604839971897 -0.398214586957 0.0163353044253
11.811811811811811 -0.210824889415 0.633036291044 -0.390026420326 0.0684344633689
12.012012012012011 -0.0831870037755 0.638220157914 -0.369716411794 0.136921710773
12.212212212212211 0.0432177297747 0.620971721077 -0.334356767969 0.218051748945
12.412412412412412 0.164106672754 0.583633425255 -0.281885898343 0.306990832307
12.612612612612613 0.27580675168 0.529867583198 -0.211280502924 0.398276120738
12.812812812812814 0.375466677335 0.464136626992 -0.122638588655 0.486229200891
13.013013013013014 0.461168895795 0.391236346431 -0.0171897924039 0.565267231475
13.213213213213214 0.531957893421 0.31592823553 0.102747838439 0.630135132917
13.413413413413414 0.587803047051 0.242643283641 0.233855220445 0.676128658904
13.613613613613614 0.629504489048 0.175204125235 0.371949085602 0.699369460338
13.813813813813814 0.658543105028 0.116541168181 0.51217970782 0.697135697415
14.014014014014014 0.676875304553 0.0684383164384 0.64929554441 0.668182047978
14.214214214214214 0.686686082135 0.0313839252062 0.777962130458 0.612943932261
14.414414414414415 0.690129174193 0.00459894243613 0.893102331744 0.533537076491
14.614614614614615 0.689092617116 -0.013740924911 0.990213607442 0.433532079942
14.814814814814815 0.685024228286 -0.0261418056872 1.06562199573 0.317561874941
15.015015015015015 0.678835919425 -0.0353854408819 1.11664948887 0.190868210122
15.215215215215215 0.670885379416 -0.0441760115912 1.14169325932 0.058888856103
15.415415415415415 0.661018228128 -0.0548929262606 1.14023151094 -0.0730584245321
15.615615615615615 0.64864885678 -0.0694484607565 1.11277614661 -0.199994502774
15.815815815815816 0.632862149653 -0.089212896329 1.06078860338 -0.317434809856
16.016016016016017 0.612527401998 -0.114961112379 0.986567231316 -0.421525072091
16.216216216216218 0.586423018877 -0.14681432255 0.893107877837 -0.509178650277
16.416416416416418 0.553373660831 -0.184178895459 0.783936309162 -0.578209861055
16.616616616616618 0.512397822051 -0.225712975371 0.662916614597 -0.6274312043
16.816816816816818 0.462855508946 -0.269360080866 0.53404781471 -0.656678928824
17.017017017017018 0.40458010995 -0.312476533035 0.401264194095 -0.66674603174
17.217217217217218 0.33797492349 -0.352059003986 0.268257972287 -0.659223363642
17.41741741741742 0.264055551194 -0.385048592844 0.138341354725 -0.636276623418
17.61761761761762 0.184427478375 -0.408668191072 0.0143560839917 -0.600398099522
17.81781781781782 0.101196875021 -0.420740895147 -0.101367785752 -0.554171632182
18.01801801801802 0.016823903318 -0.419939912961 -0.207009971894 -0.500078819949
18.21821821821822 -0.0660638402177 -0.405935118247 -0.301224739565 -0.440359534855
18.41841841841842 -0.144875497976 -0.379417100335 -0.383083351049 -0.376931340816
18.61861861861862 -0.217253711654 -0.342003579169 -0.452006103851 -0.311362883017
18.81881881881882 -0.281242581052 -0.296048954453 -0.507693744004 -0.244894185762
19.01901901901902 -0.335410603352 -0.244392584673 -0.550066831722 -0.178492956039
19.21921921921922 -0.37892029785 -0.190083596391 -0.579218970798 -0.112934827091
19.41941941941942 -0.411543265547 -0.136115254732 -0.595387381796 -0.0488943571735
19.61961961961962 -0.433625017543 -0.0851924935303 -0.598941684472 0.0129663785213
19.81981981981982 -0.446007744583 -0.0395457455761 -0.590389176132 0.0719235867229
20.02002002002002 -0.449920957513 -0.000796312392659 -0.570392695141 0.127141401439
20.22022022022022 -0.446850542075 0.0301257074897 -0.539795583667 0.177651678239
20.42042042042042 -0.438396571558 0.0530098494101 -0.499647394837 0.222367587796
20.62062062062062 -0.426130838008 0.0683407041951 -0.451223501829 0.26013041645
20.82082082082082 -0.411464544521 0.0772208565828 -0.396032275693 0.289786270759
21.02102102102102 -0.395536418612 0.0812455242925 -0.335804436969 0.31028551095
21.22122122122122 -0.379129893228 0.0823383451465 -0.272461188609 0.320794192311
21.42142142142142 -0.362626192625 0.0825623222293 -0.208059749259 0.320804280931
21.62162162162162 -0.345995823294 0.0839246058343 -0.144718390209 0.310228220887
21.82182182182182 -0.328828279671 0.0881932913711 -0.0845250994608 0.289465119476
22.02202202202202 -0.310396526994 0.0967426990328 -0.0294363947907 0.259428954064
22.22222222222222 -0.289747916032 0.110436273362 0.0188250730883 0.221537479928
22.42242242242242 -0.265814746128 0.129549631933 0.0588672692093 0.1776654448
22.62262262262262 -0.237536387419 0.153733909098 0.0897130864921 0.130068486239
22.822822822822822 -0.203984683439 0.182018085463 0.110867081391 0.0812849858771
23.023023023023022 -0.164484822439 0.212853734639 0.122360642168 0.0340180806811
23.223223223223222 -0.118722380539 0.244209621129 0.124771377132 -0.00900414103752
23.423423423423422 -0.0668257344749 0.273723577631 0.11921199915 -0.0451935482327
23.623623623623622 -0.00941228902081 0.298910713812 0.107283792568 -0.0722897401593
23.823823823823822 0.0524112313794 0.317410979208 0.090991340703 -0.0885568478627
24.024024024024023 0.117099331905 0.327240897402 0.0726189974825 -0.0929622345174
24.224224224224223 0.182765135951 0.327002219572 0.0545763477444 -0.0853022096351
24.424424424424423 0.247311533818 0.316004622825 0.0392264174378 -0.0662447518334
24.624624624624623 0.30857626699 0.294280981547 0.0287148305678 -0.0372770932573
24.824824824824823 0.364469782951 0.262504709413 0.0248182493284 -0.000570256493023
25.025025025025027 0.413089763986 0.221846390271 0.028825543332 0.0412069771423
25.225225225225227 0.452804836641 0.173817325369 0.0414580824598 0.0850862836513
25.425425425425427 0.482309111137 0.120140493388 0.0628282632809 0.127979302265
25.625625625625627 0.500655500532 0.0626661442325 0.0924308398701 0.166827489247
25.825825825825827 0.507276054129 0.00332666338231 0.129161804501 0.198727027366
26.026026026026027 0.501995312987 -0.0558949027611 0.171361210805 0.221048157254
26.226226226226228 0.485036353622 -0.113010704213 0.216880688509 0.231564917661
26.426426426426428 0.45701434086 -0.166107743761 0.263178759663 0.228600678644
26.626626626626628 0.418910676904 -0.213461409106 0.30744576515 0.211176921359
26.826826826826828 0.372022426065 -0.253663533414 0.346756806857 0.179137826182
27.027027027027028 0.31788741533 -0.28573326484 0.378244384428 0.133218238646
27.227227227227228 0.258191280913 -0.309179301016 0.399276848972 0.0750291664
27.42742742742743 0.194668626033 -0.323997620558 0.407625132411 0.00695706976467
27.62762762762763 0.129011008301 -0.330607647504 0.401601553172 -0.0680080468571
27.82782782782783 0.0627920139304 -0.329749855218 0.380160137269 -0.146481556678
28.02802802802803 -0.00258558313706 -0.322371393524 0.342954152811 -0.224897133041
28.22822822822823 -0.0659205438375 -0.309522991868 0.290352830598 -0.299697682616
28.42842842842843 -0.126225370423 -0.292277549258 0.223423105956 -0.367494238822
28.62862862862863 -0.182724243278 -0.271667698324 0.143882330852 -0.42519749632
28.82882882882883 -0.234839744274 -0.24863387206 0.0540270947124 -0.470131384688
29.02902902902903 -0.282169203943 -0.223973607991 -0.0433610666659 -0.500139972164
29.22922922922923 -0.324451244533 -0.198292838701 -0.145128941032 -0.513684289116
29.42942942942943 -0.361523113587 -0.171965321838 -0.247884034921 -0.509923954608
29.62962962962963 -0.393271824467 -0.145114311696 -0.348140024457 -0.488766094574
29.82982982982983 -0.41958501173 -0.117628668907 -0.442467455126 -0.450867905034
30.03003003003003 -0.440308944388 -0.089218624026 -0.527639694469 -0.397585603783
30.23023023023023 -0.455221221334 -0.0595058374928 -0.600763643061 -0.33087392931
30.43043043043043 -0.464024044205 -0.0281335291425 -0.659386147017 -0.253149415469
30.63063063063063 -0.466359586755 0.00512371602631 -0.70157144695 -0.167138470352
30.83083083083083 -0.461845898535 0.0402682557168 -0.725948096441 -0.0757281730375
31.03103103103103 -0.450128275745 0.077018839885 -0.731727492354 0.0181657136431
31.23123123123123 -0.430938907637 0.114787723281 -0.718698506647 0.111705857546
31.43143143143143 -0.404157434868 0.152695032774 -0.687203186434 0.202214909471
31.63163163163163 -0.369865118095 0.189616685227 -0.638098491356 0.287234242939
31.83183183183183 -0.328386711797 0.224259612106 -0.572708221545 0.364564834989
32.032032032032035 -0.280314761544 0.255258204314 -0.492767997763 0.432294522923
32.232232232232235 -0.226513465888 0.28128318874 -0.400365996402 0.488816158035
32.432432432432435 -0.168100093573 0.301154432946 -0.297880612922 0.532839242284
32.632632632632635 -0.106404296548 0.31394674375 -0.18791624948 0.563397367968
32.832832832832835 -0.0429079390119 0.319076988882 -0.0732379066825 0.579853331855
33.033033033033036 0.0208297276645 0.316361921145 0.0432951325894 0.581903032403
33.233233233233236 0.0832548734596 0.306039273441 0.158796313621 0.569578543199
33.433433433433436 0.142902221312 0.288749724326 0.270419311332 0.543249804958
33.633633633633636 0.19847085956 0.265482903642 0.375425626555 0.50362352567
33.833833833833836 0.24888626278 0.237495475236 0.471251516911 0.451737365949
34.034034034034036 0.293344022433 0.206211764545 0.555573143362 0.388947613131
34.234234234234236 0.331332821782 0.173117711541 0.626368479777 0.316909152467
34.434434434434436 0.362636261686 0.139656682532 0.681974444266 0.237547484802
34.63463463463464 0.38731455142 0.107133743408 0.721137614001 0.153023213875
34.83483483483484 0.405668237061 0.0766319672288 0.743057161831 0.0656894215919
35.03503503503504 0.418186659205 0.0489445269561 0.74741849916 -0.0219584642008
35.23523523523524 0.425484727124 0.0245265625934 0.73441600237 -0.107342175789
35.43543543543544 0.428232442948 0.00347241384567 0.704762641048 -0.18787275867
35.63563563563564 0.427083094301 -0.0144755796726 0.659683512185 -0.261038895384
35.83583583583584 0.422606494027 -0.0298830223414 0.60089004259 -0.324512460812
36.03603603603604 0.41523474953 -0.0435441249532 0.530531493799 -0.376268484284
36.23623623623624 0.405226829661 -0.0563749250087 0.451121735109 -0.414709913801
36.43643643643644 0.392656071352 -0.0692938492887 0.365441834921 -0.438781674351
36.63663663663664 0.377421289985 -0.0831087307735 0.27642240311 -0.448055646915
36.83683683683684 0.359278273804 -0.0984286164416 0.187013265281 -0.442770318914
37.03703703703704 0.337885478993 -0.115611773543 0.100050439625 -0.42381679126
37.23723723723724 0.312856176952 -0.134751252766 0.0181313564414 -0.392673642829
37.43743743743744 0.283810570436 -0.155688634095 -0.0564930240218 -0.351304048162
37.63763763763764 0.250423487393 -0.178041909722 -0.122003166345 -0.302033530897
37.83783783783784 0.212466164764 -0.20123416432 -0.177070966984 -0.247426103187
38.03803803803804 0.169842936643 -0.224515952015 -0.22089590197 -0.190170273158
38.23823823823824 0.122623880563 -0.246984318283 -0.253219523131 -0.132976420844
38.43843843843844 0.0710732035094 -0.267608271659 -0.274320094928 -0.0784797720224
38.63863863863864 0.0156708104703 -0.285273587753 -0.284987570583 -0.0291392517757
38.83883883883884 -0.0428777799415 -0.298855191346 -0.286477305479 0.0128743838305
39.03903903903904 -0.103648742403 -0.307315294663 -0.28044032862 0.0457996719231
39.23923923923924 -0.165528388891 -0.30981291959 -0.268829341945 0.0684028160871
39.43943943943944 -0.227262721913 -0.30580113051 -0.253782956576 0.0800732561127
39.63963963963964 -0.287523134247 -0.295087233091 -0.23749485652 0.0808751858987
39.83983983983984 -0.344978904731 -0.27783875258 -0.222078423394 0.0715399243206
40.04004004004004 -0.398365171176 -0.254533678499 -0.209439108615 0.0533972618133
40.24024024024024 -0.446536430221 -0.225869799187 -0.201165796012 0.0282579919648
40.44044044044044 -0.488499984442 -0.192657789165 -0.19844866742 -0.00173135074148
40.64064064064064 -0.523428534712 -0.155725526769 -0.202027079421 -0.0342373357296
40.84084084084084 -0.550656516803 -0.11585316257 -0.212165909639 -0.0668741231127
41.04104104104104 -0.569667282722 -0.0737471927163 -0.228656593056 -0.0973142095675
41.24124124124124 -0.580078806871 -0.0300496759404 -0.250837908457 -0.123375661357
41.44144144144144 -0.581633652985 0.014630073051 -0.27763233876 -0.143093146865
41.64164164164164 -0.574196403128 0.0596762908147 -0.30759590308 -0.154780797398
41.84184184184184 -0.557758354173 0.104434482604 -0.338980188931 -0.157093770314
42.04204204204204 -0.532447244768 0.148195049814 -0.36980685909 -0.149089828835
42.24224224224224 -0.498538359397 0.190195464804 -0.397954080328 -0.130286799251
42.44244244244244 -0.456463494339 0.229638584839 -0.421253463469 -0.100707339563
42.64264264264264 -0.406815275921 0.265720604068 -0.437593771788 -0.0609016734117
42.84284284284284 -0.350345242366 0.297662358023 -0.445026351631 -0.0119391256486
43.04304304304304 -0.287956003728 0.324738628226 -0.441865474965 0.0446327013207
43.24324324324324 -0.220687735486 0.346304297886 -0.426777298169 0.106859694305
43.44344344344344 -0.149699748272 0.36181838578 -0.398852251228 0.17247444765
43.64364364364364 -0.0762472118631 0.370868204334 -0.357657302368 0.2390007065
43.84384384384384 -0.00165300594517 0.373194646277 -0.303267409298 0.303858436335
44.04404404404404 0.0727255877575 0.368716869923 -0.236276123486 0.36446251298
44.24424424424424 0.145534624606 0.357551346105 -0.157787410835 0.41831248149
44.44444444444444 0.215463921155 0.34001857403 -0.0693904262027 0.463075408957
44.64464464464464 0.281287084572 0.316631284272 0.0268820111481 0.496665601495
44.84484484484484 0.341897055025 0.28806116881 0.128610914149 0.517324552324
45.04504504504504 0.396332841003 0.255086602669 0.233064809587 0.523701131118
45.24524524524524 0.443794805364 0.218530017206 0.337288821223 0.51492719163
45.44544544544544 0.48364711243 0.179196480697 0.438208005401 0.490679613666
45.645645645645644 0.515409364618 0.137826660443 0.53274062875 0.45121852752
45.845845845845844 0.538740881034 0.0950747884346 0.617916152761 0.3973915359
46.046046046046044 0.553423619608 0.0515157276729 0.690990036279 0.330599953648
46.246246246246244 0.559349139873 0.00767614843651 0.749548299158 0.2527310402
46.446446446446444 0.556513404762 -0.0359193124402 0.791595742118 0.166063715544
46.646646646646644 0.54502117748 -0.0787012066779 0.815623717296 0.073160927541
46.846846846846844 0.525098739451 -0.120021688898 0.820655897894 -0.0232386246837
47.047047047047045 0.497110997388 -0.159143757596 0.806273485548 -0.120320023357
47.247247247247245 0.461578149361 -0.195258152084 0.772621571705 -0.215278282787
47.447447447447445 0.419186269232 -0.227526419839 0.720399638726 -0.305391054123
47.647647647647645 0.370787045976 -0.255142997627 0.650838613046 -0.388080872491
47.847847847847845 0.31738431829 -0.27740592567 0.565666120749 -0.460973077125
48.048048048048045 0.260106494027 -0.293784196042 0.467060185803 -0.521953311516
48.248248248248245 0.2001665709 -0.303970263021 0.357591034182 -0.569227513564
48.448448448448445 0.138814038583 -0.307909454389 0.240150843279 -0.601383778403
48.648648648648646 0.0772835444522 -0.305802853852 0.117871166369 -0.617452050177
48.848848848848846 0.0167454761796 -0.298085681145 -0.0059707828736 -0.616954904127
49.049049049049046 -0.0417372165598 -0.285386938693 -0.128054546733 -0.599941745053
49.249249249249246 -0.0972424408135 -0.268478717737 -0.245123482515 -0.566998882487
49.449449449449446 -0.149012760856 -0.248223855646 -0.354090897832 -0.519233698542
49.649649649649646 -0.196468316991 -0.225525563597 -0.452140618918 -0.458231989887
49.849849849849846 -0.239210213897 -0.201281534722 -0.53681671046 -0.385994119029
50.050050050050054 -0.277015205813 -0.176341212347 -0.606098443528 -0.304858776865
50.250250250250254 -0.309821650771 -0.151462345862 -0.658460936437 -0.217419434849
50.450450450450454 -0.33770684227 -0.127268529591 -0.692916899954 -0.126444001595
50.650650650650654 -0.360855996207 -0.104207027484 -0.709044076682 -0.0347957727863
50.850850850850854 -0.379523222279 -0.0825147149992 -0.706996431308 0.0546446658815
51.051051051051054 -0.393987341457 -0.0621999978004 -0.687499707197 0.139062269603
51.251251251251254 -0.404506330779 -0.0430503537617 -0.651828774722 0.215800902885
51.451451451451454 -0.411276372945 -0.0246696209677 -0.601765674569 0.28246943927
51.651651651651655 -0.414401298569 -0.00654473984305 -0.539535054283 0.337057335343
51.851851851851855 -0.41387760636 0.0118673190082 -0.467716402369 0.37804913153
52.052052052052055 -0.409597953209 0.0310485354406 -0.389134510828 0.404520801738
52.252252252252255 -0.401371057209 0.0513428366482 -0.306734663739 0.416201519517
52.452452452452455 -0.388955035445 0.0729074546863 -0.223449365855 0.41348632418
52.652652652652655 -0.372096556612 0.0956995447743 -0.142068353419 0.397396501334
52.852852852852855 -0.35056968943 0.119493505115 -0.0651209539058 0.369494422413
53.053053053053056 -0.324209028193 0.143917028481 0.00522102194089 0.331768584832
53.253253253253256 -0.29293507022 0.168490359855 0.0672160300855 0.286507856777
53.453453453453456 -0.256772455276 0.192656542135 0.119600615592 0.236181137386
53.653653653653656 -0.215863562389 0.215798160899 0.161614613809 0.183330886227
53.853853853853856 -0.170479813443 0.237244348278 0.193006493002 0.130480714904
54.054054054054056 -0.121031743222 0.256277985203 0.214020953916 0.0800510445258
54.254254254254256 -0.0680766127376 0.272154876406 0.225369849299 0.0342741545925
54.454454454454456 -0.0123204712223 0.284142289511 0.22818585201 -0.00489676045485
54.65465465465466 0.0453900355825 0.291577964179 0.223956335213 -0.0358838361571
54.85485485485486 0.104088290452 0.293937575878 0.214439394459 -0.0575762891682
55.05505505505506 0.162721857606 0.290896766646 0.20156233829 -0.0694038471629
55.25525525525526 0.220196847288 0.282368799613 0.187308865082 -0.0713754470868
55.45545545545546 0.275426133212 0.268506213795 0.173603316485 -0.0640726665005
55.65565565565566 0.3273743526 0.249664291041 0.162200340236 -0.0485956588259
55.85585585585586 0.375092290749 0.226335344534 0.154589878958 -0.0264694579497
56.05605605605606 0.41773657253 0.199071691274 0.151923735532 0.000473135498006
56.25625625625626 0.454574474561 0.168416504833 0.15496626135 0.0302146153392
56.45645645645646 0.484977022019 0.134858015037 0.164069045597 0.0606665479156
56.65665665665666 0.50840600581 0.0988148317159 0.179166659754 0.089765179737
56.85685685685686 0.524401044766 0.0606507035332 0.199789402017 0.115547840154
57.05705705705706 0.532572119761 0.0207121150145 0.2250900096 0.136212827
57.25725725725726 0.53260072256 -0.0206246907263 0.253880874051 0.150170560671
57.45745745745746 0.524250544777 -0.0629083444405 0.284681371914 0.156091749788
57.65765765765766 0.50738612836 -0.105578265676 0.315774876749 0.152956019092
57.85785785785786 0.48199666398 -0.147948771282 0.345275547156 0.140101426263
58.05805805805806 0.448220987735 -0.189212756799 0.371204797189 0.117270430428
58.25825825825826 0.406369998656 -0.228463334449 0.391576066478 0.0846455171221
58.45845845845846 0.356943280005 -0.264729254349 0.404485019993 0.0428668259981
58.65865865865866 0.300637643476 -0.297019420066 0.408200972326 -0.00697430650336
58.85885885885886 0.238346235054 -0.324372169929 0.401254385443 -0.0633683201054
59.05905905905906 0.171147487484 -0.345906357509 0.382515129013 -0.124445241496
59.25925925925926 0.100283927334 -0.360872210224 0.351257257057 -0.188051124284
59.45945945945946 0.0271309553506 -0.368700060774 0.307207238473 -0.251835470567
59.65965965965966 -0.0468437126083 -0.369043906329 0.250574202619 -0.313342007209
59.85985985985986 -0.120128411018 -0.361815205755 0.18206218169 -0.370097363721
60.06006006006006 -0.191221196999 -0.347201071731 0.102864986138 -0.419695991636
60.26026026026026 -0.258685122843 -0.325661026018 0.0146443278604 -0.459882831452
60.46046046046046 -0.321200336781 -0.297898587868 -0.0805086339959 -0.488636819343
60.66066066066066 -0.37760800687 -0.264808139402 -0.180128710263 -0.504257390725
60.86086086086086 -0.426941560211 -0.227402566417 -0.281449754128 -0.505452724214
61.06106106106106 -0.468442274833 -0.186732884692 -0.38149498216 -0.491423140673
61.26126126126126 -0.501559401603 -0.143813395446 -0.477182610086 -0.461929903519
61.46146146146146 -0.525936762419 -0.0995664740757 -0.565442954242 -0.41733670995
61.66166166166166 -0.541391161315 -0.0547966067864 -0.643340246091 -0.358614392231
61.86186186186186 -0.547888896086 -0.0101967791683 -0.708191083553 -0.287303845662
62.06206206206206 -0.545526277532 0.0336207574859 -0.757671831348 -0.20544346261
62.26226226226226 -0.534517822505 0.0760795874402 -0.78990850957 -0.115468610294
62.46246246246246 -0.515193514037 0.116596495809 -0.803545052099 -0.0200983503942
62.66266266266266 -0.488003197458 0.154554929497 -0.797788570205 0.077777394271
62.86286286286286 -0.453523867569 0.189302956503 -0.77243313785 0.175201503406
63.06306306306306 -0.412464742741 0.220177935793 -0.727863940157 0.269240223519
63.26326326326326 -0.36566504295 0.246552552827 -0.665044526453 0.357061324093
63.46346346346346 -0.314081223597 0.267891870526 -0.585489188325 0.436005799457
63.66366366366366 -0.258763092377 0.283808596435 -0.491221564788 0.503658098827
63.86386386386386 -0.200819540489 0.294104555597 -0.384718426799 0.557918806331
64.06406406406407 -0.14137836971 0.298789692772 -0.268838889997 0.597080215656
64.26426426426427 -0.0815448279671 0.29807616013 -0.146738523516 0.619900456863
64.46446446446447 -0.022363479475 0.292351152805 -0.0217694773709 0.625668227567
64.66466466466467 0.0352127209491 0.282136039039 0.102630985235 0.614247271972
64.86486486486487 0.0903449431003 0.268043329087 0.223057446995 0.586093299494
65.06506506506507 0.142322837976 0.25073746245 0.336253900032 0.542237369935
65.26526526526527 0.190571645603 0.230904435294 0.439224504542 0.484236979897
65.46546546546547 0.234654130468 0.209228694072 0.529331893585 0.414101468444
65.66566566566567 0.274268218927 0.186372533145 0.604378678636 0.334201896965
65.86586586586587 0.309240279874 0.162952260184 0.662670498053 0.247176372568
66.06606606606607 0.339512950851 0.139507915035 0.703060076446 0.155838693935
66.26626626626627 0.365126491523 0.116467623742 0.724974146946 0.0630936723268
66.46646646646647 0.38619264472 0.0941120462252 0.728423413401 -0.0281422446135
66.66666666666667 0.402862248355 0.0725487464979 0.713996965651 -0.115021006121
66.86686686686687 0.41528968632 0.0517066153974 0.682839906926 -0.194850273092
67.06706706706707 0.423598732939 0.0313568756851 0.636612740294 -0.265191700745
67.26726726726727 0.427855455921 0.0111622269753 0.577429783238 -0.323968705167
67.46746746746747 0.428053310411 -0.0092528698582 0.507775716197 -0.369574911817
67.66766766766767 0.424113228627 -0.03022458411 0.430401682902 -0.400968625156
67.86786786786787 0.415898652613 -0.0519813281065 0.348205175967 -0.417736578904
68.06806806806807 0.403242035794 -0.0745994426423 0.264101521528 -0.420113239503
68.26826826826827 0.385977125518 -0.0979901279186 0.180896371419 -0.408950453996
68.46846846846847 0.363970819139 -0.121915689339 0.101169025209 -0.385641990472
68.66866866866867 0.337149662382 -0.146024505091 0.0271742659235 -0.35201670501
68.86886886886887 0.305518668117 -0.169890433879 -0.0392327426368 -0.310218130215
69.06906906906907 0.269172923279 -0.193044213627 -0.0966476583025 -0.262585977069
69.26926926926927 0.228304264234 -0.214989764127 -0.144145209061 -0.211551458115
69.46946946946947 0.183206185843 -0.235207406205 -0.181288339074 -0.159546909965
69.66966966966967 0.134278777687 -0.253151569593 -0.208120448495 -0.108926433253
69.86986986986987 0.082033787581 -0.268253893803 -0.225142056926 -0.0618898871898
70.07007007007007 0.0270977205045 -0.279940928385 -0.233272116173 -0.0204036326484
70.27027027027027 -0.0297904537136 -0.287670077935 -0.233792848905 0.0138837800044
70.47047047047047 -0.0877902782238 -0.290979210395 -0.228277630111 0.0397259291697
70.67067067067067 -0.145981292734 -0.28953856098 -0.218502770807 0.0563518277242
70.87087087087087 -0.203393730174 -0.283190387758 -0.206346994347 0.0635148015419
71.07107107107107 -0.259044934193 -0.271963740258 -0.19368457136 0.0615050756132
71.27127127127127 -0.31197564106 -0.256058540208 -0.18228012568 0.0511207484211
71.47147147147147 -0.361280340091 -0.235802131507 -0.173692853569 0.0335997449856
71.67167167167167 -0.406126919709 -0.21159030703 -0.169198009458 0.0105239451312
71.87187187187187 -0.445764365086 -0.183828618526 -0.169728799552 -0.0162898914316
72.07207207207207 -0.479520041885 -0.152888891352 -0.175840088082 -0.044897684139
72.27227227227228 -0.506790520001 -0.119090931772 -0.187693486268 -0.0733234840023
72.47247247247248 -0.527031858557 -0.0827117498547 -0.205057781072 -0.0996379764805
72.67267267267268 -0.539753828233 -0.0440183660891 -0.227325880781 -0.122021140022
72.87287287287288 -0.54452251507 -0.00331495070242 -0.253541579782 -0.138813915274
73.07307307307308 -0.540972830299 0.0390072568187 -0.282436551402 -0.148564915509
73.27327327327328 -0.528830343195 0.0824279456583 -0.312476608227 -0.150077851309
73.47347347347348 -0.507940014534 0.126272213916 -0.341917774819 -0.142461750269
73.67367367367368 -0.478297941707 0.169706314993 -0.368872587564 -0.125182502305
73.87387387387388 -0.440081720357 0.211755472283 -0.391386407278 -0.0981105029508
74.07407407407408 -0.393675221967 0.251341331473 -0.407522282935 -0.0615567662901
74.27427427427428 -0.339684344467 0.287334194303 -0.415451264748 -0.0162896637863
74.47447447447448 -0.278941189079 0.318614017077 -0.41354346373 0.0364741131315
74.67467467467468 -0.21249577463 0.34413508547 -0.400454656423 0.0951056904453
74.87487487487488 -0.141594690833 0.362989578787 -0.375203028874 0.15762550433
75.07507507507508 -0.0676474918412 0.374466464899 -0.337231639614 0.221783213274
75.27527527527528 0.00781793083602 0.37810228446 -0.286453665921 0.285148051925
75.47547547547548 0.0832090275181 0.373719730125 -0.223279196082 0.345202135042
75.67567567567568 0.156928380629 0.36144925152 -0.14862346345 0.399432093609
75.87587587587588 0.227435640893 0.341728578119 -0.0638969500221 0.445418288995
76.07607607607608 0.293306883091 0.31527629846 0.0290222200243 0.480923859716
76.27627627627628 0.353285915111 0.283038449604 0.127834045951 0.503986653796
76.47647647647648 0.4063224975 0.246112309193 0.229881138291 0.513014780266
76.67667667667668 0.45159386742 0.205656438403 0.332232388517 0.506881987946
76.87687687687688 0.488507612168 0.162801105517 0.431785282383 0.485013234812
77.07707707707708 0.516688444412 0.118574967455 0.525382830072 0.447447608712
77.27727727727728 0.535952949253 0.0738606555541 0.609939861302 0.39486536389
77.47747747747748 0.546278642345 0.0293855876181 0.682570688512 0.328571665972
77.67767767767768 0.547774976829 -0.0142534266361 0.740708734873 0.25043608129
77.87787787787788 0.540661665193 -0.056543347733 0.7822103854 0.162796800671
78.07807807807808 0.525257236428 -0.0970010450121 0.805437381683 0.0683430851482
78.27827827827828 0.501977779706 -0.135129265524 0.809314664302 -0.0300080494064
78.47847847847848 0.471342393321 -0.170394701452 0.793364124128 -0.129228375022
78.67867867867868 0.433980331301 -0.202233547291 0.757716349799 -0.226281597739
78.87887887887888 0.390634355862 -0.230082388934 0.703103106466 -0.318211492453
79.07907907907908 0.342156047723 -0.253425682013 0.630833350986 -0.402219871053
79.27927927927928 0.289491183487 -0.271847612789 0.542754442928 -0.475739960787
79.47947947947948 0.233654962381 -0.285076293916 0.441198279385 -0.536510011589
79.67967967967968 0.175700187438 -0.29301040851 0.328912703633 -0.582649097509
79.87987987987988 0.116682251701 -0.295724213574 0.208977708052 -0.612732145801
80.08008008008008 0.0576252005113 -0.293452735825 0.0847072329252 -0.62585689581
80.28028028028028 -0.000507831720705 -0.28656374759 -0.0404607624183 -0.621693434241
80.48048048048048 -0.0568378785945 -0.27552489493 -0.16308178055 -0.600506665662
80.68068068068068 -0.110586971192 -0.260874185891 -0.279823317875 -0.56314597997
80.88088088088088 -0.161089960919 -0.243196814919 -0.387578143523 -0.51100272036
81.08108108108108 -0.207802118402 -0.223108027537 -0.483566128431 -0.445939813535
81.28128128128128 -0.250303587327 -0.201237255859 -0.565419940572 -0.3702038819
81.48148148148148 -0.288300290599 -0.178207891093 -0.631252387569 -0.286330689526
81.68168168168168 -0.321620134716 -0.154608309862 -0.679705600981 -0.197052154422
81.88188188188188 -0.350202154795 -0.130954987016 -0.709980891723 -0.105211809217
82.08208208208208 -0.374078182423 -0.107651386815 -0.72185343175 -0.0136869977073
82.28228228228228 -0.393346462329 -0.0849519835738 -0.715671541846 0.0746870237596
82.48248248248248 -0.408139353925 -0.0629417458524 -0.692340373178 0.157196788799
82.68268268268268 -0.418589266363 -0.0415394452063 -0.653288818734 0.231339682034
82.88288288288288 -0.424798125739 -0.0205288426938 -0.600417381399 0.294923313323
83.08308308308308 -0.426815482655 0.000386062482598 -0.536025802206 0.346169470748
83.28328328328328 -0.424629443648 0.0215113182548 -0.462720092044 0.383811207351
83.48348348348348 -0.418171618497 0.043094152449 -0.383302290089 0.407167737834
83.68368368368368 -0.407334670259 0.0652699243984 -0.3006484622 0.416182240998
83.88388388388388 -0.391997831659 0.0880355279526 -0.21758386838 0.41141388892
84.08408408408408 -0.372054895576 0.11125098926 -0.136764277502 0.393984399072
84.28428428428428 -0.347439548479 0.134662993208 -0.060571824146 0.365488307076
84.48448448448448 -0.318144767057 0.157938149527 0.00896877831659 0.327882363868
84.68468468468468 -0.284235689047 0.180693000974 0.0702511704031 0.28337050481
84.88488488488488 -0.245857621395 0.20251178844 0.122125886245 0.234297002584
85.08508508508508 -0.203241928234 0.222950293615 0.163918951649 0.183053232171
85.28528528528528 -0.156712154186 0.241530557583 0.195433104302 0.131996907711
85.48548548548548 -0.106691358068 0.25773635445 0.216933470422 0.0833777164083
85.68568568568568 -0.0537093673543 0.271019836143 0.229118441149 0.0392619045133
85.88588588588588 0.0015930072545 0.280825871822 0.233075470447 0.00145245929008
86.08608608608608 0.0584665559827 0.286635340122 0.230218870382 -0.0285967768182
86.28628628628628 0.116066151771 0.288017390733 0.222212705379 -0.0498600033715
86.48648648648648 0.173473480137 0.284679647422 0.210877979505 -0.0618041560292
86.68668668668668 0.229728558902 0.276501278815 0.198089771538 -0.0644234331001
86.88688688688688 0.283865076963 0.263538452431 0.185671644308 -0.0582348333784
87.08708708708708 0.334943925818 0.246000395513 0.175294714946 -0.0442331572615
87.28728728728728 0.382079394464 0.224202782418 0.168389651491 -0.0238117657099
87.48748748748748 0.424454977981 0.198511552565 0.16607649265 0.00133886093625
87.68768768768768 0.461328186752 0.169293165262 0.16911610907 0.0293390639636
87.88788788788789 0.492027193501 0.136884187197 0.177882759131 0.0582214903297
88.08808808808809 0.515943932223 0.101586414452 0.192355468607 0.0860187041287
88.28828828828829 0.532528815218 0.0636875462065 0.212125446717 0.110834281326
88.48848848848849 0.541291627229 0.0235004395086 0.236416272878 0.130900657363
88.68868868868869 0.541811232444 -0.0185893874191 0.26411476365 0.144629524287
88.88888888888889 0.533754700718 -0.0620793672097 0.29381173334 0.150660799337
89.08908908908909 0.516904248358 -0.10631893812 0.323852914264 0.147914289972
89.28928928928929 0.491188229976 -0.150498354225 0.352400303449 0.135644311009
89.48948948948949 0.45671226302 -0.193660322082 0.37750463226 0.113493542108
89.68968968968969 0.413785821674 -0.234732908396 0.397187888928 0.0815390686673
89.88988988988989 0.362940372355 -0.272579597875 0.409533673259 0.0403216685177
90.09009009009009 0.304936388863 -0.306059544891 0.412780896048 -0.0091490252051
90.29029029029029 0.240757790612 -0.334092435618 0.405415802184 -0.0654182058285
90.49049049049049 0.171593358029 -0.355722287352 0.386256323067 -0.126637860365
90.69069069069069 0.0988058488948 -0.370176274137 0.354523610438 -0.190641941479
90.89089089089089 0.0238900829992 -0.376915584722 0.309896855093 -0.255036458323
91.09109109109109 -0.0515780866508 -0.375675290989 0.252549324062 -0.3172956907
91.29129129129129 -0.125999505081 -0.366489641887 0.183165092396 -0.374858347629
91.49149149149149 -0.197812441313 -0.349697818916 0.102936800346 -0.42521977886
91.69169169169169 -0.265552349385 -0.325926578867 0.0135453034488 -0.46602303992
91.89189189189189 -0.327905529306 -0.296046746011 -0.0828791358232 -0.495150756444
92.09209209209209 -0.383751616712 -0.261105354382 -0.183814206901 -0.510820374409
92.29229229229229 -0.432190431701 -0.22224042144 -0.286422385775 -0.511681093884
92.49249249249249 -0.472551173481 -0.180590313253 -0.387646657184 -0.496905470282
92.69269269269269 -0.50438396279 -0.1372128864 -0.484323244486 -0.466263575225
92.89289289289289 -0.527437829623 -0.0930292266887 -0.573305922022 -0.420165902083
93.09309309309309 -0.541630269639 -0.0488011163063 -0.651595324575 -0.359665083764
93.29329329329329 -0.547016197608 -0.00514449767732 -0.716463790266 -0.286411860321
93.49349349349349 -0.543762529204 0.0374289370643 -0.765567276441 -0.202570793078
93.69369369369369 -0.532132781975 0.0784565589697 -0.797037298203 -0.110708243044
93.89389389389389 -0.512482625227 0.117472809674 -0.809549048363 -0.0136682238724
94.09409409409409 -0.485264273055 0.153975167728 -0.802364651093 0.085549300925
94.29429429429429 -0.45103510501 0.187416690399 -0.775353158323 0.183898082952
94.49449449449449 -0.410464962445 0.217226126846 -0.728990082017 0.278380023048
94.69469469469469 -0.364337176516 0.242849121999 -0.664339589793 0.366126163141
94.89489489489489 -0.313540026346 0.263800712101 -0.583020932023 0.444471335833
95.09509509509509 -0.259047729229 0.279714898562 -0.487160642438 0.511025414396
95.29529529529529 -0.201892601946 0.290381843442 -0.379330082534 0.563747152983
95.49549549549549 -0.14313172349 0.295765304067 -0.262468184104 0.601018351704
95.69569569569569 -0.0838121103715 0.295999170275 -0.139789556437 0.621713380723
95.89589589589589 -0.0249385300048 0.291367648051 -0.0146799467053 0.625255496925
96.09609609609609 0.0325538126444 0.282276711038 0.109417343445 0.611650540474
96.29629629629629 0.0878206803562 0.269224276396 0.229119097855 0.581490725279
96.49649649649649 0.140124535162 0.252774731651 0.341217266741 0.535925949404
96.69669669669669 0.188845802304 0.23353913997 0.442785131494 0.476605470473
96.89689689689689 0.23349048868 0.21215792902 0.53126961792 0.405598005605
97.09709709709709 0.273694125541 0.189281101354 0.604566169583 0.325300561765
97.29729729729729 0.309221154809 0.165541274533 0.661075257645 0.238346107993
97.49749749749749 0.33995807409 0.141517930512 0.699740928211 0.147516632673
97.69769769769769 0.36589855044 0.11769533627 0.720072352789 0.0556637940451
97.89789789789789 0.387120215479 0.0944215868393 0.722150286961 -0.0343657717662
98.09809809809809 0.403754107036 0.071878431728 0.706618702689 -0.119806445114
98.29829829829829 0.415949936021 0.0500721815905 0.674660015673 -0.198057185308
98.49849849849849 0.423842352514 0.0288505869835 0.627953341132 -0.266775432299
98.69869869869869 0.427523133098 0.00794742665286 0.568612365592 -0.323979450486
98.89889889889889 0.427024674162 -0.012953021593 0.499102783906 -0.36815012694
99.09909909909909 0.422317185718 -0.0341445852808 0.422140640632 -0.398318248166
99.29929929929929 0.413319593937 -0.0558360302104 0.340575913871 -0.414122200773
99.49949949949949 0.399921277193 -0.0781097321785 0.257268427027 -0.415823173015
99.69969969969969 0.382009101041 -0.100908474594 0.174965598142 -0.404274116123
99.89989989989989 0.359494494083 -0.124047989478 0.0961906174182 -0.380847025699
100.10010010010011 0.332336173551 -0.147245570795 0.0231483514335 -0.347331498119
100.30030030030031 0.300556634458 -0.170151775187 -0.0423469936538 -0.30582085715
100.50050050050051 0.264252920237 -0.192373760997 -0.0989212175496 -0.2586008298
100.70070070070071 0.223604155198 -0.213485049899 -0.145668570779 -0.208049770663
100.90090090090091 0.178878305787 -0.233023438868 -0.182161411359 -0.156552558027
101.10110110110111 0.130439992612 -0.250484993363 -0.208443826039 -0.106423779498
101.30130130130131 0.0787589063609 -0.265324676017 -0.225010097026 -0.0598334348937
101.50150150150151 0.0244168600129 -0.276972782321 -0.232767809897 -0.0187278069077
101.70170170170171 -0.0318907390045 -0.284870861577 -0.23298498184 0.0152534854653
101.90190190190191 -0.0893619264182 -0.288522434779 -0.227220018526 0.0408626500644
102.10210210210211 -0.147106183368 -0.287548048845 -0.217235552198 0.0573182137686
102.30230230230231 -0.204172613572 -0.281729628128 -0.204899450004 0.0643560866096
102.50250250250251 -0.259584789077 -0.271031228548 -0.192079013695 0.0622452980017
102.70270270270271 -0.312376763202 -0.255589541139 -0.180536134916 0.0517623858201
102.90290290290291 -0.36162437691 -0.23567682483 -0.171831443385 0.0341271263685
103.10310310310311 -0.406467031927 -0.211646658776 -0.167244721714 0.0109090466828
103.30330330330331 -0.446118392822 -0.183878708316 -0.167715379499 -0.0160796055175
103.50350350350351 -0.479867070003 -0.152736744634 -0.173804708689 -0.044890816542
103.70370370370371 -0.50707114905 -0.118550298347 -0.185678537061 -0.0735364909865
103.90390390390391 -0.527151740165 -0.0816229037631 -0.203107427757 -0.100067973903
104.10410410410411 -0.539590558259 -0.0422629753842 -0.225481238012 -0.122640255466
104.30430430430431 -0.543935190866 -0.000828242517176 -0.251835356967 -0.139565714969
104.50450450450451 -0.539813713723 0.0422276174886 -0.280887209894 -0.149363716458
104.70470470470471 -0.526957904845 0.0863172025426 -0.311082714838 -0.150811342366
104.90490490490491 -0.505232418268 0.130698988022 -0.340653257286 -0.142997427532
105.10510510510511 -0.474665850757 0.174478798072 -0.367683644976 -0.12537791949
105.30530530530531 -0.435479281471 0.216633579204 -0.3901908287 -0.0978267319615
105.50550550550551 -0.38810806105 0.256054185089 -0.40621166944 -0.0606737349943
105.70570570570571 -0.333213635269 0.291601521355 -0.413896358878 -0.0147214705611
105.90590590590591 -0.27168323834 0.322169287361 -0.411602358426 0.0387660004488
106.10610610610611 -0.204616969843 0.346747822812 -0.397983264759 0.0981033168895
106.30630630630631 -0.133302320134 0.364484556329 -0.372066926557 0.161250170571
106.50650650650651 -0.0591771841712 0.374737696796 -0.333318172699 0.225896652722
106.70670670670671 0.0162169548968 0.377120648751 -0.281683365626 0.289558367443
106.90690690690691 0.0912895459534 0.371533840946 -0.217615604802 0.349673467526
107.10710710710711 0.164460254557 0.358179807827 -0.142080717069 0.403697071213
107.30730730730731 0.23421921003 0.33755688225 -0.056544685247 0.449192594458
107.50750750750751 0.299183528592 0.310427950873 0.037057105199 0.483922549703
107.70770770770771 0.358144999543 0.277763725687 0.136369014113 0.505941948486
107.90790790790791 0.410104192096 0.240664779754 0.23868332728 0.513694768299
108.10810810810811 0.454287582705 0.200272178159 0.341027723614 0.50610888603
108.30830830830831 0.49014680205 0.157680796545 0.440270802033 0.48267942152
108.50850850850851 0.517342099599 0.113870789241 0.533242020242 0.443527055548
108.70870870870871 0.535715003428 0.0696696088578 0.616859708846 0.38941879969
108.90890890890891 0.545256940152 0.0257500030437 0.688258852786 0.321744129388
109.10910910910911 0.546080883354 -0.0173395262607 0.744909593831 0.242447635947
109.30930930930931 0.538401351824 -0.0591234780008 0.784718717235 0.153927638331
109.50950950950951 0.522525444718 -0.099143781251 0.806108584235 0.0589156279666
109.70970970970971 0.498854045263 -0.136916082188 0.808071347758 -0.0396479272647
109.90990990990991 0.467889526761 -0.17190969865 0.790198999188 -0.138729200101
110.11011011011011 0.430244718405 -0.203555505905 0.752691697852 -0.235302122086
110.31031031031031 0.386647651708 -0.23127897735 0.696347335163 -0.326434771137
110.51051051051051 0.33793781587 -0.254549196465 0.622534825988 -0.409365494645
110.71071071071071 0.285052357017 -0.272931645916 0.533153122285 -0.481574828046
110.91091091091091 0.229001848621 -0.286133065395 0.430575250873 -0.540857586554
111.11111111111111 0.170838942242 -0.29402906969 0.317578107318 -0.585396619644
111.31131131131131 0.111623535038 -0.296670889012 0.197257487319 -0.613834889005
111.51151151151151 0.0523885722355 -0.294273000009 0.072929426679 -0.625338668759
111.71171171171171 -0.00589032544309 -0.287187908809 -0.0519794278203 -0.619642849389
111.91191191191191 -0.0623192816096 -0.275875946105 -0.174048177543 -0.597068352336
112.11211211211211 -0.116105023062 -0.260877619831 -0.28997793781 -0.558509296302
112.31231231231232 -0.166568568993 -0.242790543635 -0.396702680269 -0.505387911138
112.51251251251252 -0.213154730012 -0.222250830055 -0.491488251996 -0.439584021316
112.71271271271272 -0.255437955012 -0.199914286582 -0.572015385099 -0.363348376856
112.91291291291292 -0.293124064348 -0.176432561008 -0.636444992499 -0.279210388665
113.11311311311312 -0.326046314539 -0.152420779118 -0.68346478298 -0.189888494784
113.31331331331332 -0.354154106444 -0.128417314251 -0.712318606512 -0.0982077487906
113.51351351351352 -0.377493387851 -0.104841076017 -0.722820141157 -0.00702370413482
113.71371371371372 -0.396178881717 -0.0819549645998 -0.715351661989 0.0808521006506
113.91391391391392 -0.410360405777 -0.0598457384598 -0.690847390434 0.162731426443
114.11411411411412 -0.42018768933 -0.0384287923814 -0.650759906183 0.236138499455
114.31431431431432 -0.425778824909 -0.0174802404633 -0.597008051736 0.298909125796
114.51451451451452 -0.427197708705 0.00330634044566 -0.531904112582 0.349294397129
114.71471471471472 -0.424444480439 0.0242493224075 -0.458060738756 0.386057021105
114.91491491491492 -0.417460223669 0.0456096766064 -0.378280667014 0.408544941664
115.11511511511512 -0.406144177008 0.0675377424087 -0.295435145305 0.416727705775
115.31531531531532 -0.390379049444 0.0900462885713 -0.212339729275 0.411187237674
115.51551551551552 -0.370058909027 0.11301131569 -0.131636282362 0.393063746952
115.71571571571572 -0.345114576561 0.13619448602 -0.0556898400615 0.363965872532
115.91591591591592 -0.315533374856 0.159274742245 0.0134943219862 0.325860777943
116.11611611611612 -0.281372755445 0.181876814997 0.074331173854 0.280959569963
116.31631631631632 -0.242769244671 0.203587618732 0.125693812687 0.231611370672
116.51651651651652 -0.199945511661 0.223959109425 0.166931585597 0.180211069593
116.71671671671672 -0.153217829837 0.242503016411 0.19787111434 0.129118692565
116.91691691691692 -0.103004603802 0.258687345006 0.218801816871 0.0805845755099
117.11711711711712 -0.0498345780026 0.271945049495 0.230446237334 0.0366727399116
117.31731731731732 0.00564858999202 0.281701357244 0.233914678607 -0.00082072599892
117.51751751751752 0.0626890681168 0.287419105051 0.230643147521 -0.0304531736435
117.71771771771772 0.120431856006 0.288654120052 0.222314161085 -0.0512168063147
117.91791791791792 0.177946754563 0.285106775224 0.210762919314 -0.0626026076976
118.11811811811812 0.234261038191 0.27665527246 0.197873500739 -0.0646337924972
118.31831831831832 0.288396068102 0.263360533673 0.18547221527 -0.0578596544215
118.51851851851852 0.339401787694 0.245440566575 0.175226403989 -0.0433078466443
118.71871871871872 0.3863836059 0.223222237189 0.168556376675 -0.022402743544
118.91891891891892 0.428518474346 0.197083981345 0.166566080763 0.00313771743491
119.11911911911912 0.465059938507 0.16740549413 0.169995278815 0.0314111891716
119.31931931931932 0.495334931643 0.13453724258 0.179193056419 0.0604331166813
119.51951951951952 0.518737053321 0.0987962283851 0.19411039444 0.0882242157856
119.71971971971972 0.53472157471 0.0604871095898 0.214308617103 0.112881531894
119.91991991991992 0.542806723106 0.0199415698401 0.238980621299 0.132636389438
120.12012012012012 0.542583758623 -0.0224346781714 0.266982919554 0.14590522943
120.32032032032032 0.533736249027 -0.066118958 0.296877665624 0.151339462191
120.52052052052052 0.516066694744 -0.110442427581 0.326984907291 0.147877975628
120.72072072072072 0.489527061226 -0.154581082669 0.355445603333 0.134802351555
120.92092092092092 0.454248861678 -0.197569597112 0.380295755207 0.111790654288
121.12112112112112 0.410568280404 -0.238335757983 0.399550460361 0.0789622752647
121.32132132132132 0.359042752687 -0.275750920405 0.411295338508 0.036905044089
121.52152152152152 0.300456341512 -0.308690192384 0.413780980475 -0.0133228633768
121.72172172172172 0.235812636627 -0.336096042932 0.405514908402 -0.0702201746483
121.92192192192192 0.166314988765 -0.357040201149 0.385345098746 -0.131897972623
122.12212212212212 0.0933348660583 -0.370780468869 0.352530150356 -0.196157540331
122.32232232232232 0.0183695489712 -0.376809519652 0.306792273423 -0.260582147732
122.52252252252252 -0.057008905833 -0.374892862806 0.248351250946 -0.322634003538
122.72272272272272 -0.131210899955 -0.365092214327 0.177939023287 -0.379750109311
122.92292292292292 -0.202689381852 -0.347769723477 0.0967954364143 -0.429434698782
123.12312312312312 -0.269998479697 -0.323568757175 0.00664570874223 -0.469349710295
123.32332332332332 -0.331845743437 -0.293368996117 -0.090340270265 -0.497406495411
123.52352352352352 -0.387132919571 -0.258217716649 -0.191607342352 -0.511860896812
123.72372372372372 -0.434981165394 -0.219244512566 -0.294293705046 -0.511409567189
123.92392392392392 -0.474738531086 -0.177571823004 -0.39532834923 -0.495279903543
124.12412412412412 -0.505970331501 -0.134236539132 -0.491544907913 -0.463301301628
124.32432432432432 -0.528436225572 -0.0901369328362 -0.579806706501 -0.415944406793
124.52452452452452 -0.542059970012 -0.046014108251 -0.657135615235 -0.354318043005
124.72472472472472 -0.546899065689 -0.00246858057612 -0.720835736004 -0.280121137524
124.92492492492492 -0.54312064449 0.0399962782105 -0.768603335435 -0.195555474334
125.12512512512512 -0.53098748805 0.080918706115 -0.798616533403 -0.103212219469
125.32532532532532 -0.510855040047 0.119827775822 -0.809600799613 -0.00594778763354
125.52552552552552 -0.483176801218 0.156211737934 -0.800869834545 0.0932364495969
125.72572572572572 -0.448513448468 0.189513106922 -0.772343638272 0.191302223582
125.92592592592592 -0.407540175619 0.219151173284 -0.724546308119 0.285267009787
126.12612612612612 -0.361047204964 0.244565273898 -0.658586643641 0.372283892875
126.32632632632632 -0.309930714037 0.265267536418 -0.576123825323 0.449714695418
126.52652652652652 -0.255172982287 0.280893088175 -0.479318317145 0.515201365461
126.72672672672672 -0.197813807855 0.291236600418 -0.370768539679 0.566739012707
126.92692692692692 -0.13891654612 0.296268924001 -0.253432804836 0.602749382846
127.12712712712712 -0.0795329184422 0.296133016336 -0.130536905868 0.622149256464
127.32732732732732 -0.0206703869391 0.291123587083 -0.00546920885765 0.624405078057
127.52752752752752 0.0367354412265 0.281658056953 0.11833301619 0.609564815198
127.72772772772772 0.0918421405253 0.268246662808 0.237500740726 0.578259027373
127.92792792792793 0.143916610138 0.251466722339 0.348847211869 0.531671026387
128.12812812812814 0.192346281021 0.231941992583 0.449473130308 0.471477201826
128.32832832832833 0.236646561088 0.210324287101 0.53685747926 0.399766680658
128.52852852852854 0.276464482017 0.18727239123 0.608931415505 0.318950616241
128.72872872872873 0.311577377824 0.16342372293 0.664133388953 0.231670448763
128.92892892892894 0.341884998555 0.139357360657 0.701446417082 0.140712000327
129.12912912912913 0.367393701809 0.115551699332 0.720419062436 0.048926746086
129.32932932932934 0.388192128716 0.0923438410175 0.721171169959 -0.0408427433962
129.52952952952953 0.404419635433 0.0699009270577 0.704384378382 -0.125839221652
129.72972972972974 0.41623122702 0.048212751113 0.67127679118 -0.20347511285
129.92992992992993 0.423763483991 0.0271112239609 0.623559808183 -0.271427393113
130.13013013013014 0.427107253746 0.00631709726024 0.563374822065 -0.327740572134
130.33033033033033 0.426291727907 -0.0144940786245 0.493209402585 -0.370928383969
130.53053053053054 0.421282673242 -0.0356197389245 0.415794281846 -0.400060076698
130.73073073073073 0.411994417895 -0.0572678348199 0.333985923071 -0.414815690836
130.93093093093094 0.3983122114 -0.0795169466005 0.250642282484 -0.415497895595
131.13113113113113 0.380119664006 -0.102304261395 0.168500921575 -0.402999444146
131.33133133133134 0.357326160164 -0.125439563291 0.0900676156432 -0.378726661102
131.53153153153153 0.329889506758 -0.14863433496 0.0175237045286 -0.344497302334
131.73173173173174 0.297832515699 -0.171533583925 -0.0473453552992 -0.302425235714
131.93193193193193 0.261253661709 -0.193738287087 -0.103197374603 -0.254810310068
132.13213213213214 0.220334851955 -0.214814523193 -0.149160816046 -0.204038892508
132.33233233233233 0.175348493655 -0.234291105956 -0.184843381483 -0.152498262281
132.53253253253254 0.126665545304 -0.251654053724 -0.210324337445 -0.102500004532
132.73273273273273 0.0747640995138 -0.266348599199 -0.226131954188 -0.0562050846962
132.93293293293294 0.0202360192909 -0.277797675706 -0.233205470548 -0.0155446236012
133.13313313313313 -0.0362120496223 -0.285439660298 -0.232840715988 0.0178647602036
133.33333333333334 -0.093766897482 -0.28878069453 -0.226618532513 0.0428056495092
133.53353353353353 -0.151527858495 -0.287449859606 -0.216317249729 0.0585335191884
133.73373373373374 -0.20853611426 -0.281242445185 -0.203812546051 0.0648256329858
133.93393393393393 -0.263810301128 -0.27013858339 -0.190971057331 0.0619937928045
134.13413413413414 -0.316382811292 -0.254291008826 -0.179545588393 0.0508551614948
134.33433433433433 -0.365330838416 -0.233985746644 -0.171080016309 0.0326650092724
134.53453453453454 -0.409797513583 -0.209586227272 -0.166831019239 0.00902066141001
134.73473473473473 -0.449001827815 -0.181478425532 -0.167710147398 -0.0182459063463
134.93493493493494 -0.482238668501 -0.150029506675 -0.174247740754 -0.04717540691
135.13513513513513 -0.508872938465 -0.115571192433 -0.186577163156 -0.0757760061059
135.33533533533534 -0.528333029005 -0.0784097885 -0.204436447331 -0.102101776958
135.53553553553553 -0.540108651443 -0.0388583436832 -0.227184025759 -0.124316028472
135.73573573573574 -0.543756554389 0.00271834110767 -0.253826053331 -0.14074455908
135.93593593593593 -0.538915655805 0.04585737682 -0.283053930559 -0.149925181405
136.13613613613614 -0.525330505407 0.0899612862262 -0.313291753687 -0.150658799241
136.33633633633633 -0.502880507102 0.134278998982 -0.34275440527 -0.142063472432
136.53653653653654 -0.471610735756 0.177908918051 -0.369516521306 -0.123629534206
136.73673673673673 -0.4317599051 0.219824330664 -0.391592266241 -0.0952695007922
136.93693693693695 -0.383781277768 0.258917000038 -0.407023729879 -0.0573543282327
137.13713713713713 -0.328353518125 0.29405347643 -0.413974542006 -0.0107275312222
137.33733733733735 -0.266379524385 0.324137752734 -0.410823619854 0.0433084713249
137.53753753753753 -0.198972576266 0.348174443061 -0.396253223157 0.103035254707
137.73773773773775 -0.127430142346 0.365328318738 -0.369325751504 0.166386826829
137.93793793793793 -0.0531963877762 0.374977178008 -0.329544893443 0.231036047471
138.13813813813815 0.0221849924659 0.376755323108 -0.276898412406 0.294489996477
138.33833833833833 0.0971254589301 0.370584371479 -0.211881660074 0.354186843582
138.53853853853855 0.170050853588 0.356687151642 -0.135501971221 0.407589772595
138.73873873873873 0.239461346403 0.335579838497 -0.0492644284036 0.452277864195
138.93893893893895 0.303987304936 0.30803906769 0.0448603685732 0.486036757714
139.13913913913913 0.362435990605 0.275043674452 0.144486958618 0.506952119245
139.33933933933935 0.413824368382 0.237695907188 0.246884722339 0.513505913424
139.53953953953953 0.457394962003 0.197132249966 0.349066744029 0.504670415914
139.73973973973975 0.492614107857 0.154437876035 0.447896311707 0.47998992248
139.93993993993993 0.519154505325 0.110580161525 0.540207660312 0.439636431728
140.14014014014015 0.536867438827 0.0663734232178 0.622934188896 0.384427112002
140.34034034034033 0.545751668671 0.0224804214212 0.693235504831 0.315796049033
140.54054054054055 0.545925944568 -0.0205559447902 0.748614586739 0.235724833418
140.74074074074073 0.537609977324 -0.0622604608575 0.787017515808 0.146639083681
140.94094094094095 0.521116509997 -0.102170729089 0.806910419621 0.0512874481891
141.14114114114113 0.49685322811 -0.139795275291 0.807331612811 -0.0473819852205
141.34134134134135 0.465330804707 -0.174595892881 0.787919788271 -0.146336026546
141.54154154154153 0.427171800278 -0.205997877033 0.74892149079 -0.242556059611
141.74174174174175 0.383114523123 -0.233425026894 0.6911778801 -0.333123135812
141.94194194194193 0.334008960108 -0.256349469789 0.616099440459 -0.415293667155
142.14214214214215 0.280801315462 -0.274344528048 0.525621630569 -0.486570855627
142.34234234234233 0.224509431606 -0.28712856794 0.42214939169 -0.544776872498
142.54254254254255 0.166190432323 -0.294591629866 0.308485172822 -0.588127167005
142.74274274274273 0.106905874475 -0.296799921048 0.187743638534 -0.615301314281
142.94294294294295 0.047687371998 -0.293982508905 0.063251901369 -0.625505649023
143.14314314314313 -0.0104935379377 -0.286505212907 -0.0615605050548 -0.618516866244
143.34334334334335 -0.0667497140972 -0.274839780339 -0.183278142951 -0.594698209307
143.54354354354354 -0.120296579778 -0.259535970574 -0.298615995171 -0.55498322242
143.74374374374375 -0.17046548587 -0.241198667032 -0.40452908477 -0.500829747811
143.94394394394394 -0.216712889391 -0.220468833566 -0.498311349832 -0.434147606578
144.14414414414415 -0.258625554731 -0.198004640441 -0.577676888222 -0.357211269258
144.34434434434434 -0.295921772861 -0.174456801289 -0.640823989816 -0.272567581549
144.54454454454455 -0.328446627311 -0.150435474438 -0.686480466052 -0.182946692907
144.74474474474474 -0.356160071444 -0.126470016307 -0.713932358516 -0.0911799019887
144.94494494494495 -0.379116321448 -0.102966393145 -0.723036181244 -0.000123819415673
145.14514514514514 -0.397435498711 -0.0801716713729 -0.714216772457 0.0874143854499
145.34534534534535 -0.411269474008 -0.0581560396272 -0.688449232212 0.168757144807
145.54554554554554 -0.420766861718 -0.0368194262909 -0.647224389202 0.241446505559
145.74574574574575 -0.426041794062 -0.0159261175912 -0.592494973339 0.303344140949
145.94594594594594 -0.427152448124 0.00483647974676 -0.526601002694 0.352735292441
146.14614614614615 -0.424092585492 0.0257868567106 -0.452175356887 0.388424022629
146.34634634634634 -0.416797513465 0.0471805359773 -0.372032138743 0.409804459275
146.54654654654655 -0.405162178591 0.0691583797034 -0.289044540573 0.416894208296
146.74674674674674 -0.38906709351 0.0917216900505 -0.206020527437 0.410321639546
146.94694694694695 -0.368406461228 0.114735276078 -0.125585579591 0.391268196618
147.14714714714714 -0.343113339912 0.137951146228 -0.0500807442847 0.361376369189
147.34734734734735 -0.313179051764 0.161040749521 0.0185187023425 0.322638283933
147.54754754754754 -0.278666338156 0.183622823246 0.0786617373317 0.27728166201
147.74774774774775 -0.239718121221 0.205278881668 0.129257964547 0.2276646201
147.94794794794794 -0.196564566201 0.225555435144 0.169694403852 0.176184073026
148.14814814814815 -0.149530551151 0.243958645322 0.199835096384 0.125195762235
148.34834834834834 -0.0990441733971 0.259951536697 0.220005402484 0.0769394516359
148.54854854854855 -0.04564465638 0.272964113379 0.230961038288 0.0334622451193
148.74874874874874 0.0100135560728 0.282422217136 0.233841522096 -0.00346381862888
148.94894894894895 0.067164461413 0.287794348994 0.23010639494 -0.0324275869525
149.14914914914914 0.124944608332 0.288647171817 0.221454707559 -0.0524590658711
149.34934934934935 0.182417909933 0.284695947198 0.209730196857 -0.0630913964833
149.54954954954954 0.238608972415 0.275835726947 0.19681685202 -0.0643913115835
149.74974974974975 0.292539833289 0.262143550803 0.184532336964 -0.0569495008815
149.94994994994994 0.343264064184 0.243850468501 0.174527528675 -0.0418298004885
150.15015015015015 0.389892861768 0.221291647805 0.168199773144 -0.0204849603817
150.35035035035034 0.431610128247 0.194848902527 0.166625256199 0.00534761062557
150.55055055055055 0.467676623428 0.164901432839 0.170512963275 0.0337549508032
150.75075075075074 0.497426154422 0.131797304649 0.180179925922 0.0627497504874
150.95095095095095 0.520258696786 0.0958512797034 0.195545184014 0.0903565924382
151.15115115115114 0.535635667825 0.057367779085 0.216139455903 0.114681702711
151.35135135135135 0.543081650073 0.016681272707 0.241127310459 0.133970126934
151.55155155155154 0.542195114007 -0.0257964788279 0.269340085258 0.146656166789
151.75175175175175 0.532668355689 -0.0695340302059 0.299318759831 0.151413172682
151.95195195195194 0.51431454897 -0.113852461979 0.329367043723 0.14720628813
152.15215215215215 0.487098334752 -0.157918034201 0.357615256361 0.133347629588
152.35235235235234 0.451165668857 -0.200757465709 0.382095230722 0.109549494512
152.55255255255256 0.406868531006 -0.241293622565 0.400824992977 0.0759680829
152.75275275275274 0.354780699549 -0.278397074934 0.411900642144 0.0332286319272
152.95295295295296 0.295702312285 -0.310946349132 0.413590591816 -0.0175747977554
153.15315315315314 0.230651938087 -0.337891556647 0.404426985246 -0.074908940197
153.35335335335336 0.160845975573 -0.358316117246 0.383288309492 -0.136858654136
153.55355355355354 0.0876662209471 -0.371493080215 0.349468229003 -0.201206119385
153.75375375375376 0.0126169247077 -0.37693333271 0.302727069576 -0.26552315378
153.95395395395394 -0.0627267460818 -0.374422765513 0.243324257436 -0.327268113315
154.15415415415416 -0.13677635457 -0.364044607689 0.172031406845 -0.383881571418
154.35435435435434 -0.207990251333 -0.34618199219 0.0901266129129 -0.432877951805
154.55455455455456 -0.27493197226 -0.321497101149 -0.000629329128783 -0.471936185924
154.75475475475474 -0.336321866402 -0.290884327388 -0.0980350749059 -0.498991629954
154.95495495495496 -0.391076918393 -0.255399942472 -0.199509492696 -0.512331317189
155.15515515515514 -0.438334637268 -0.216176052387 -0.302171786619 -0.510690026793
155.35535535535536 -0.477459295799 -0.174331428392 -0.402940216444 -0.493339252945
155.55555555555554 -0.508031129853 -0.130894577417 -0.498647013441 -0.460156456521
155.75575575575576 -0.529822878548 -0.0867531660176 -0.586163764986 -0.411661182994
155.95595595595594 -0.542769194864 -0.0426379175489 -0.662530254334 -0.349008896888
156.15615615615616 -0.546936634297 0.000858455032956 -0.725077323638 -0.273939671262
156.35635635635634 -0.542500195816 0.0432363490647 -0.771535473118 -0.188688443441
156.55655655655656 -0.529730225088 0.0840336933857 -0.800122718172 -0.0958703127324
156.75675675675674 -0.508990089515 0.122776269427 -0.809608318008 0.0016436389154
156.95695695695696 -0.480742016286 0.158947887046 -0.79935186761 0.100846057008
157.15715715715714 -0.445556225955 0.191987808087 -0.769319640258 0.198700036532
157.35735735735736 -0.40411782082 0.221315135494 -0.720081112883 0.292230650118
157.55755755755754 -0.357226615477 0.246373262725 -0.652788434562 0.378604227313
157.75775775775776 -0.305787007288 0.266682919864 -0.569140840271 0.455201001363
157.95795795795794 -0.250787367814 0.281891490254 -0.471334593883 0.519686800486
158.15815815815816 -0.193271099142 0.291807966972 -0.361998996919 0.570085836794
158.35835835835834 -0.134301877007 0.296418412792 -0.244116165782 0.604855182966
158.55855855855856 -0.0749290361063 0.295879670828 -0.120928571578 0.622951281965
158.75875875875874 -0.0161550376146 0.290498262404 0.00416715407757 0.623883712236
158.95895895895896 0.0410916395155 0.280700879917 0.127734256552 0.607745229388
159.15915915915915 0.0959773501012 0.267004399393 0.246413158251 0.575210298572
159.35935935935936 0.147778826736 0.249990595812 0.357035065701 0.52750277273
159.55955955955955 0.195894033822 0.230285807699 0.456726211012 0.466334277752
159.75975975975976 0.239849294624 0.208542640652 0.542997714211 0.393822775263
159.95995995995995 0.279302454305 0.185418492119 0.613817748347 0.312401134903
160.16016016016016 0.314041128178 0.161546652906 0.667665453037 0.22472578478
160.36036036036037 0.343974225292 0.137498839124 0.703566918625 0.133591283617
160.56056056056056 0.369115383921 0.113742764076 0.721114878944 0.0418520078292
160.76076076076077 0.389558230196 0.0906022043986 0.720473555019 -0.0476525292685
160.96096096096096 0.40544417705 0.068229695456 0.702367567254 -0.132174407537
161.16116116116117 0.41692743408 0.0466010938094 0.668055483634 -0.209142504064
161.36136136136136 0.42414125026 0.0255373391414 0.619285060509 -0.276258226692
161.56156156156158 0.427171387987 0.0047530188035 0.558228354532 -0.331598838279
161.76176176176176 0.426041330387 -0.0160765910001 0.487396210862 -0.373718499734
161.96196196196198 0.420711626244 -0.0372435308248 0.409533952629 -0.4017327799
162.16216216216216 0.411092968604 -0.0589461208185 0.327502961292 -0.415370683099
162.36236236236238 0.397069094908 -0.0812511951103 0.24415648407 -0.414983130218
162.56256256256256 0.378524516603 -0.104084271423 0.162217910716 -0.401506760475
162.76276276276278 0.355371669885 -0.127245471806 0.084170855557 -0.376384394718
162.96296296296296 0.327573118102 -0.150439282704 0.0121679241757 -0.341461341865
163.16316316316318 0.295157498196 -0.173305834986 -0.0520384239455 -0.298870646387
163.36336336336336 0.258230014147 -0.195442808823 -0.10714232307 -0.250922405753
163.56356356356358 0.216979883894 -0.216413349597 -0.152309797742 -0.200006037974
163.76376376376376 0.171687431362 -0.235743094817 -0.187186008568 -0.148505602651
163.96396396396398 0.122732167558 -0.252914890341 -0.211886463354 -0.0987235790422
164.16416416416416 0.0706013133143 -0.267371737966 -0.226973276318 -0.0528055641616
164.36436436436438 0.0158960765194 -0.278536855264 -0.233415735548 -0.0126608260672
164.56456456456456 -0.0406679681714 -0.285852626247 -0.232534743788 0.0201225854183
164.76476476476478 -0.0982698992879 -0.288833684853 -0.225929836775 0.0443622093052
164.96496496496496 -0.156003519034 -0.287121553035 -0.215390459867 0.0593532530535
165.16516516516518 -0.212907227283 -0.280526292788 -0.202795135532 0.0649150347885
165.36536536536536 -0.267999838176 -0.269042720468 -0.19000506932 0.0614004308119
165.56556556556558 -0.320316642018 -0.252835941086 -0.178759795106 0.0496636703335
165.76576576576576 -0.36893977674 -0.232200131338 -0.170583207182 0.030990213485
165.96596596596598 -0.413018583517 -0.207502441432 -0.166706559713 0.00699966255824
166.16616616616616 -0.451778539829 -0.179128156695 -0.1680124708 -0.0204628287354
166.36636636636638 -0.484520602268 -0.147441438091 -0.175000528302 -0.0494327042432
166.56656656656656 -0.510615083211 -0.112770778799 -0.187773002316 -0.0779195424812
166.76676676676678 -0.529495268772 -0.075420979155 -0.206037678752 -0.103984414592
166.96696696696696 -0.540655801031 -0.0357068019373 -0.229124627212 -0.125801894407
167.16716716716718 -0.543659035339 0.00600156608531 -0.256014233202 -0.14171297055
167.36736736736736 -0.538150889898 0.0492324859911 -0.285375538315 -0.150274452941
167.56756756756758 -0.523884994056 0.0933773730952 -0.315614539045 -0.15031015255
167.76776776776777 -0.500752129804 0.137673348733 -0.344932971846 -0.140965235977
167.96796796796798 -0.468811025112 0.18120817717 -0.371398224262 -0.121761138164
168.16816816816817 -0.428315964819 0.222946882025 -0.393023665713 -0.0926447630497
168.36836836836838 -0.379737044999 0.261777022849 -0.407857798393 -0.0540231950572
168.56856856856857 -0.323770151725 0.296565421571 -0.4140778908 -0.00677601219883
168.76876876876878 -0.261334893005 0.326221102587 -0.410083501098 0.047760738639
168.96896896896897 -0.193559763496 0.349758443646 -0.394583842944 0.107839510211
169.16916916916918 -0.121755053298 0.366356320634 -0.366673504752 0.17137133282
169.36936936936937 -0.0473745259521 0.375410394199 -0.325892199648 0.236013175048
169.56956956956958 0.0280323784344 0.376575899869 -0.272266306398 0.299263714967
169.76976976976977 0.102875817238 0.369797269371 -0.206330728089 0.358560020331
169.96996996996998 0.175584959887 0.355320379394 -0.129131708244 0.411371155757
170.17017017017017 0.244667791449 0.333683030018 -0.0422114373673 0.455288956607
170.37037037037038 0.308766513574 0.305680011612 0.0524256160741 0.488118837317
170.57057057057057 0.366703310372 0.272302988607 0.152364831395 0.507973491597
170.77077077077078 0.417512016486 0.234660541867 0.254852507714 0.51336920154
170.97097097097097 0.460452715204 0.193888563789 0.356886078694 0.503319502272
171.17117117117118 0.495008412518 0.151065399187 0.455322402917 0.477415513542
171.37137137137137 0.520866656317 0.107147978657 0.546998773926 0.435878558969
171.57157157157158 0.537891413277 0.0629391079648 0.628861468556 0.379574461504
171.77177177177177 0.546091837472 0.0190907141002 0.698092569539 0.309982863776
171.97197197197198 0.545595312305 -0.0238611704076 0.752225810465 0.229123389659
172.17217217217217 0.536629194813 -0.0654441136646 0.789244835117 0.139451051277
172.37237237237238 0.519513676842 -0.105194724196 0.807658252931 0.0437343311947
172.57257257257257 0.494664371187 -0.142618314578 0.806549955723 -0.055068019309
172.77277277277278 0.462600600259 -0.177173253329 0.785605671731 -0.153920392199
172.97297297297297 0.423953998804 -0.208283519069 0.745118188031 -0.249808699574
173.17317317317318 0.379472048485 -0.235375052427 0.685974381956 -0.339824705268
173.37337337337337 0.330012836354 -0.257926324402 0.609626522647 -0.421241040575
173.57357357357358 0.276529219872 -0.275520956992 0.518048872799 -0.491582733621
173.77377377377377 0.220043133479 -0.287890423938 0.41367982342 -0.548699572018
173.97397397397398 0.161613253337 -0.294938675755 0.299349597172 -0.59083989737
174.17417417417417 0.102299745969 -0.296745639139 0.178193215024 -0.616721936952
174.37437437437438 0.0431302730726 -0.293552210631 0.0535500465397 -0.625594965935
174.57457457457457 -0.0149296637046 -0.285733415509 -0.0711470982758 -0.617280890893
174.77477477477478 -0.0710005424998 -0.273767850015 -0.192488535322 -0.592188258876
174.97497497497497 -0.124306569151 -0.258210028698 -0.307203803055 -0.551293541699
175.17517517517518 -0.174188701751 -0.239667892053 -0.412270959164 -0.496092650885
175.37537537537537 -0.220113380416 -0.218784178591 -0.505013503783 -0.428527174663
175.57557557557558 -0.261677636856 -0.196217069011 -0.583181027439 -0.350896325926
175.77577577577577 -0.298609777993 -0.17261506322 -0.645011469486 -0.265764519893
175.97597597597598 -0.330764252456 -0.148583346677 -0.689275290386 -0.175872755195
176.17617617617617 -0.358108896714 -0.124642919912 -0.715302399184 -0.0840572082049
176.37637637637638 -0.380703968935 -0.101188428576 -0.722993830829 0.00682653415071
176.57657657657657 -0.398673133199 -0.0784534893136 -0.712818185562 0.0939783389269
176.77677677677679 -0.412168974408 -0.0564946509369 -0.685792068382 0.174734360265
176.97697697697697 -0.421338266541 -0.0351998064432 -0.643444483438 0.24665781274
177.17717717717719 -0.426291244684 -0.0143251532397 -0.587761220017 0.307639660973
177.37737737737737 -0.427081076394 0.00644470451084 -0.521108711081 0.356002378033
177.57757757757759 -0.423696551357 0.027425394024 -0.446138068562 0.390593834813
177.77777777777777 -0.41606904118 0.0488647851043 -0.365672442826 0.410856116852
177.977977977978 -0.404091447917 0.0708931430181 -0.282584313151 0.416855434349
178.17817817817817 -0.387644455981 0.0935004990876 -0.199671448606 0.409265795377
178.3783783783784 -0.36662459538 0.116541699544 -0.119540567542 0.389308126421
178.57857857857857 -0.340969013057 0.139761234489 -0.0445068429286 0.358656177535
178.7787787787788 -0.310674362083 0.162825577088 0.0234856752193 0.319324327729
178.97897897897897 -0.275809512217 0.18535026446 0.0829207588648 0.273553918435
179.1791791791792 -0.236524074282 0.206914293512 0.132744767159 0.223709038265
179.37937937937937 -0.193055413431 0.227061456146 0.172381982317 0.172185990267
179.5795795795796 -0.145736194199 0.245294788478 0.201733008338 0.121333989863
179.77977977977977 -0.095002923425 0.261074431103 0.2211578573 0.0733804724021
179.97997997998 -0.0414036774274 0.273829058102 0.231443822574 0.0303540371573
180.18018018018017 0.014398244773 0.282986192961 0.233757673828 -0.00599836258375
180.3803803803804 0.0716287589966 0.288020180774 0.229580462488 -0.0342972038237
180.58058058058057 0.129417901532 0.288507713683 0.22062587924 -0.0536096992167
180.7807807807808 0.186825437636 0.284177294315 0.208744437815 -0.0635097754342
180.98098098098097 0.242874633852 0.274938402898 0.19581861833 -0.064105628913
181.1811811811812 0.29658899457 0.26088128149 0.1836564782 -0.0560268306932
181.38138138138137 0.347025898048 0.242246872787 0.173892014934 -0.0403705656094
181.5815815815816 0.393301892464 0.219375797805 0.167899754073 -0.0186153345966
181.78178178178177 0.434606877709 0.192650997692 0.166728750686 0.0074841892517
181.981981981982 0.470207500153 0.162449725975 0.171058241722 0.0360060378786
182.18218218218217 0.499442918971 0.129116989019 0.18117445491 0.0649611329235
182.3823823823824 0.521717911132 0.0929654572639 0.196965883866 0.0923782526828
182.58258258258257 0.536498520288 0.0543001294047 0.217934037925 0.116372582685
182.7827827827828 0.543314420263 0.0134596806859 0.243216474751 0.135202141035
182.98298298298297 0.541770402285 -0.0291362824976 0.271620511856 0.147317969331
183.1831831831832 0.531566952602 -0.0729456667394 0.301666843219 0.15141408566
183.38338338338338 0.512527718885 -0.117277484773 0.331643430042 0.146480466594
183.5835835835836 0.484630239317 -0.161286263931 0.359670252914 0.131858286762
183.78378378378378 0.448035537007 -0.203989013895 0.383775005145 0.107292704808
183.983983983984 0.403112278513 -0.24430238689 0.40197846052 0.0729754553302
184.18418418418418 0.350451732451 -0.281095150992 0.412386711692 0.0295683010769
184.3843843843844 0.290871419354 -0.313248880311 0.413285374136 -0.0217994135434
184.58458458458458 0.22540617724 -0.33972166774 0.403230548794 -0.0795626193126
184.7847847847848 0.155286598486 -0.359609553011 0.38113055877 -0.141779816005
184.98498498498498 0.0819057260721 -0.372202273397 0.346313451756 -0.206213526871
185.1851851851852 0.00677536042947 -0.377030777109 0.298577133412 -0.27042330694
185.38538538538538 -0.0685260204046 -0.373903453107 0.238220429205 -0.331862711724
185.5855855855856 -0.142411269727 -0.362926993826 0.166054567892 -0.387974592647
185.78578578578578 -0.213344749123 -0.344507430264 0.0833960991622 -0.436282917548
185.985985985986 -0.279900442136 -0.319327208633 -0.00795830112354 -0.474483087259
186.18618618618618 -0.340812632155 -0.288295974804 -0.105775618521 -0.500534139155
186.3863863863864 -0.395014698616 -0.252479287341 -0.207448437276 -0.512754201284
186.58658658658658 -0.44166175117 -0.213011581682 -0.310076620842 -0.509916401038
186.7867867867868 -0.480135410095 -0.171007401673 -0.410567441609 -0.491336756662
186.98698698698698 -0.510032066801 -0.127485798535 -0.505751340664 -0.456941633487
187.1871871871872 -0.531138203501 -0.0833222620085 -0.592508280311 -0.407300770535
187.38738738738738 -0.543399756295 -0.039235564262 -0.667896314684 -0.343617486721
187.5875875875876 -0.546892455219 0.00419053120509 -0.729273523307 -0.267673670633
187.78778778778778 -0.54179907058 0.0464614382496 -0.77440527492 -0.181738129255
187.987987987988 -0.528397145193 0.0871157935655 -0.801550298898 -0.0884503101698
188.18818818818818 -0.507057468995 0.12567694214 -0.809522458124 0.00930398570914
188.3883883883884 -0.478250314594 0.161625110923 -0.79772795622 0.108511250773
188.58858858858858 -0.442554627351 0.194396885648 -0.766180204265 0.206136352739
188.7887887887888 -0.400664491215 0.223411572393 -0.715494741614 0.299212475961
188.98898898898898 -0.353388233586 0.24811672656 -0.646867527975 0.384919839779
189.1891891891892 -0.301637635019 0.26804124131 -0.562038394519 0.460658219136
189.38938938938938 -0.246406449863 0.282844091838 -0.463239752094 0.524118495371
189.5895895895896 -0.188740708323 0.292347963318 -0.353131049428 0.573356042996
189.78978978978978 -0.129704256603 0.296552375454 -0.234718393072 0.606863965925
189.98998998999 -0.0703437702256 0.295626721114 -0.111260108456 0.623640019166
190.19019019019018 -0.0116567751326 0.28988788813 0.0138398328164 0.623238416321
190.3903903903904 0.0454349894362 0.279770409052 0.137146474239 0.605797546218
190.59059059059058 0.100105930917 0.265796883546 0.255311048578 0.572036026397
190.7907907907908 0.1516418292 0.248553087136 0.365184066009 0.523218112576
190.99099099099098 0.19945035332 0.228667951035 0.463918610513 0.461090093356
191.1911911911912 0.24306790366 0.206795220439 0.549058899327 0.387797679618
191.39139139139138 0.282162453639 0.183591524023 0.618611037488 0.305794299452
191.5915915915916 0.316531349239 0.159686799997 0.671095518534 0.217750042892
191.79179179179178 0.346092217019 0.135646242462 0.705581827048 0.126466833101
191.991991991992 0.370865844455 0.11192780222 0.721707093453 0.0348004905842
192.19219219219218 0.390950718015 0.0888427642661 0.719679573245 -0.0544137834574
192.3923923923924 0.406490450084 0.0665299853864 0.700266380271 -0.138438667816
192.59259259259258 0.417638772169 0.0449522294211 0.664765866762 -0.214720653092
192.7927927927928 0.424526029675 0.0239201614592 0.614961308157 -0.280986570112
192.99299299299298 0.427233535871 0.00314296913265 0.553054243908 -0.335347246598
193.1931931931932 0.425779776829 -0.0177039627592 0.481577559099 -0.37639772269
193.39339339339338 0.420120872472 -0.0389073932397 0.403289984649 -0.40329963608
193.5935935935936 0.410164536962 -0.0606563048502 0.321056642007 -0.415830692214
193.79379379379378 0.395793644435 -0.0830065601953 0.237724845626 -0.41438900002
193.993993993994 0.376894000387 -0.105873212665 0.156003152814 -0.399953555422
194.19419419419418 0.353381271076 -0.129047829581 0.0783524407608 -0.37400227012
194.3943943943944 0.325222639311 -0.152228792371 0.00689672796269 -0.338407224781
194.59459459459458 0.292452509375 -0.175052596776 -0.0566452917845 -0.295318289606
194.7947947947948 0.255182307636 -0.19711419293 -0.111003388455 -0.247055082855
194.99499499499498 0.213608034209 -0.21797409791 -0.155380602729 -0.196009522865
195.1951951951952 0.168017375476 -0.237154854265 -0.189459004299 -0.144561926444
195.39539539539538 0.118797863918 -0.254135994474 -0.213389692796 -0.0950052373796
195.5955955955956 0.066445314423 -0.268358101026 -0.227767878499 -0.0494697962395
195.79579579579578 0.0115698364077 -0.279244236719 -0.233592326566 -0.00984306632274
195.995995995996 -0.0451044426486 -0.286240425799 -0.232208265092 0.0223154256856
196.19619619619618 -0.102749219861 -0.288869224147 -0.225233209255 0.0458578740174
196.3963963963964 -0.160452825102 -0.286783882245 -0.214467314063 0.0601187564624
196.59659659659658 -0.217250854401 -0.27980860568 -0.201791535221 0.0649589653739
196.7967967967968 -0.272162185108 -0.267952251113 -0.189061270999 0.0607718328026
196.99699699699698 -0.324224809641 -0.251391602411 -0.178002448361 0.0484478634781
197.1971971971972 -0.372525509337 -0.23042843702 -0.17011874954 0.029301963556
197.39739739739738 -0.416219308919 -0.205433059185 -0.166616207517 0.00497506211148
197.5975975975976 -0.454537611539 -0.176790181569 -0.168348777664 -0.0226748338777
197.79779779779778 -0.486786959543 -0.144861328675 -0.17578559493 -0.051677977741
197.997997997998 -0.512342662644 -0.109972404178 -0.188998145292 -0.0800455666995
198.19819819819818 -0.530642704393 -0.072427565629 -0.207664261009 -0.105845126178
198.3983983983984 -0.541186543093 -0.0325442043314 -0.231085795835 -0.127262455008
198.59859859859858 -0.543542291945 0.00930116269341 -0.258217590537 -0.142653422848
198.7987987987988 -0.537363242234 0.0526273037827 -0.287706486429 -0.150593576758
198.99899899899899 -0.522412525933 0.0968139687997 -0.317940424623 -0.149929586324
199.1991991991992 -0.49859284401 0.141086182712 -0.347108103368 -0.139833765108
199.39939939939939 -0.465977156734 0.184520914818 -0.373269716607 -0.119858806216
199.5995995995996 -0.424835882858 0.226075330298 -0.394438066249 -0.0899861958324
199.79979979979979 -0.375656427132 0.264633176306 -0.408668214337 -0.050659484918
200.0 -0.319152284651 0.299062219336 -0.414151304086 -0.0027945282064
