0.0 -0.6 0.5 3.001 5.9
0.2002002002002002 -0.237129339844 3.24084781122 3.92412643333 3.20021313341
0.4004004004004004 0.693224974843 5.91557097692 4.28301686194 0.509158545483
0.6006006006006006 2.04288641202 7.29622924693 4.20477126432 -1.08112826331
0.8008008008008008 3.4929806685 6.8442534171 3.92128934449 -1.61374730152
1.001001001001001 4.62430321251 4.0323262103 3.6020563862 -1.48414034391
1.2012012012012012 4.96645962327 -0.801235978748 3.35703933758 -0.916631791303
1.4014014014014013 4.32775136287 -5.29183298326 3.23590395164 -0.335529146617
1.6016016016016017 3.00470170133 -7.52159930752 3.19534996086 -0.151556239317
1.8018018018018018 1.4503072004 -7.74764429865 3.13872566281 -0.519956527492
2.002002002002002 -0.0135614884279 -6.69489424339 2.93592736401 -1.65302409839
2.2022022022022023 -1.16492722618 -4.67451449231 2.42013408955 -3.60864636211
2.4024024024024024 -1.85736316473 -2.25252112212 1.47614228453 -5.77548181165
2.6026026026026026 -2.10007527376 -0.306092627949 0.15312278722 -7.28836214385
2.8028028028028027 -2.03814860062 0.785755579835 -1.38154761356 -7.90954636002
3.003003003003003 -1.83679934953 1.09821782375 -2.96739596854 -7.82111183733
3.2032032032032034 -1.65803469107 0.506490485965 -4.45941497948 -6.91467567997
3.4034034034034035 -1.71610925356 -1.28681112749 -5.65609775444 -4.83679531025
3.6036036036036037 -2.22315550603 -3.77988757062 -6.33909348958 -1.94616656265
3.803803803803804 -3.16828262852 -5.36807068389 -6.46615851397 0.510260291642
4.004004004004004 -4.21916751143 -4.69960352574 -6.21053992989 1.86988163411
4.2042042042042045 -4.88585118886 -1.6250081709 -5.77025836583 2.43826095369
4.404404404404405 -4.79765483833 2.49715895204 -5.2569085014 2.66268924685
4.604604604604605 -3.95916973148 5.57488391132 -4.70525104174 2.86704463266
4.804804804804805 -2.69728058968 6.72948285929 -4.09499893504 3.27672085382
5.005005005005005 -1.35927143404 6.46980512415 -3.37163209688 4.00541042603
5.205205205205205 -0.150689339289 5.54143820675 -2.47199816167 5.01557593063
5.405405405405405 0.847858321168 4.43067411653 -1.35880485576 6.09228860071
5.605605605605605 1.62825599625 3.38715487395 -0.0466995088883 6.96289146457
5.8058058058058055 2.21346204179 2.48109846665 1.40430551618 7.46629218879
6.006006006006006 2.62978434066 1.69902900283 2.91604232141 7.56832653979
6.206206206206206 2.9056668985 1.1019616543 4.40535982981 7.22604978238
6.406406406406407 3.09819875653 0.913355997979 5.76839973527 6.2675389687
6.606606606606607 3.31342456629 1.33732735348 6.85965437051 4.49420728049
6.806806806806807 3.65701465766 2.08538295698 7.522916319 2.06754905361
7.007007007007007 4.10922957479 2.25269545234 7.68731847347 -0.366350185047
7.207207207207207 4.47017048971 1.1279921961 7.41364452291 -2.2602543571
7.407407407407407 4.49246794937 -0.99381243259 6.82146369684 -3.57552616519
7.607607607607608 4.07530492983 -3.08027400411 6.00596900604 -4.52942139587
7.807807807807808 3.31651555286 -4.33557168101 5.01963668283 -5.30309634362
8.008008008008009 2.39934337951 -4.70652988765 3.88983494414 -5.96552039846
8.208208208208209 1.46514600754 -4.57949987921 2.63945226541 -6.50107107803
8.408408408408409 0.57301849912 -4.33626541182 1.29815260845 -6.8672159353
8.608608608608609 -0.277302558894 -4.18043320813 -0.0969451967429 -7.03566185983
8.80880880880881 -1.10940053302 -4.14894653076 -1.50506060026 -6.99643589511
9.00900900900901 -1.94101374971 -4.15063194301 -2.88419105305 -6.74545364106
9.20920920920921 -2.76007462937 -3.98108855769 -4.19153606692 -6.27850591477
9.40940940940941 -3.50542478168 -3.37090577382 -5.38314281197 -5.58653815792
9.60960960960961 -4.06915314334 -2.1654034824 -6.4112106646 -4.63525824015
9.80980980980981 -4.34658730834 -0.587549635429 -7.21611708537 -3.33796346065
10.01001001001001 -4.32008854571 0.758590903288 -7.71658925636 -1.57740440481
10.21021021021021 -4.09305500274 1.37614063847 -7.81600172592 0.646514124547
10.41041041041041 -3.81127620261 1.37836500534 -7.44697818458 3.02295957588
10.61061061061061 -3.544914954 1.31584991876 -6.63010694768 5.04081601896
10.81081081081081 -3.26310219311 1.55680907943 -5.47374479224 6.39579533751
11.01101101101101 -2.90345833234 2.06467783567 -4.1112394941 7.12501633009
11.21121121121121 -2.43104351068 2.65716103494 -2.65155284153 7.3921299685
11.411411411411411 -1.83980304949 3.25034526665 -1.1747894705 7.30643140906
11.611611611611611 -1.12663993796 3.88896632305 0.252881794986 6.90498903881
11.811811811811811 -0.274612167077 4.64442164853 1.57106663463 6.22304173563
12.012012012012011 0.738725482429 5.4781527772 2.73294786502 5.36958359571
12.212212212212211 1.90707655514 6.12530404438 3.72183306753 4.52701016648
12.412412412412412 3.14215893523 6.02816778193 4.55703889984 3.85174969559
12.612612612612613 4.22225056308 4.4710409506 5.27760155023 3.37426138784
12.812812812812814 4.82034687202 1.28975553735 5.91396390615 2.98057484994
13.013013013013014 4.70986897582 -2.29587287612 6.46081343574 2.42967016988
13.213213213213214 4.00179244373 -4.4134822457 6.8518635725 1.35113003951
13.413413413413414 3.10197251119 -4.1985197579 6.93816248292 -0.662734769632
13.613613613613614 2.43420924835 -2.31972130337 6.5319176102 -3.45458749974
13.813813813813814 2.17558178413 -0.382292504246 5.57441896408 -5.96673469833
14.014014014014014 2.2098280368 0.531002975104 4.21750722661 -7.39894572446
14.214214214214214 2.32074792379 0.440224676755 2.67564589198 -7.87864337351
14.414414414414415 2.34018811002 -0.349657225033 1.1054733259 -7.70599028795
14.614614614614615 2.13911809396 -1.76306345484 -0.365093340772 -6.86141471863
14.814814814814815 1.59828280637 -3.69976458479 -1.59348099238 -5.31086277774
15.015015015015015 0.653840948424 -5.69020175712 -2.47173311459 -3.4738461284
15.215215215215215 -0.64389750903 -7.14988379769 -3.01082334485 -2.01679688148
15.415415415415415 -2.14879287295 -7.70119666946 -3.32559944386 -1.23897804913
15.615615615615615 -3.63143831278 -6.79766848644 -3.54541326271 -1.03832949887
15.815815815815816 -4.71996314155 -3.68145702046 -3.76910503498 -1.25207499661
16.016016016016017 -4.98739583829 1.12009996121 -4.05930849542 -1.64561503795
16.216216216216218 -4.32116150514 5.214106273 -4.41347310885 -1.82772403424
16.416416416416418 -3.06230872207 6.94051416374 -4.75658742238 -1.48813096969
16.616616616616618 -1.69650938209 6.36029148298 -4.94868603604 -0.236892720053
16.816816816816818 -0.632495359342 4.05163786905 -4.76806301665 2.22039600085
17.017017017017018 -0.112757346995 1.18286831359 -4.02853863679 5.11706145914
17.217217217217218 -0.0978758606659 -0.819982371498 -2.78158146605 7.12567849307
17.41741741741742 -0.358411485241 -1.60948139433 -1.25724938031 7.93286445142
17.61761761761762 -0.686034421189 -1.53741165446 0.340443558229 7.90797010325
17.81781781781782 -0.916085590143 -0.582491615917 1.85371809217 7.03702458969
18.01801801801802 -0.837346142895 1.56961941323 3.07724068293 4.98344346001
18.21821821821822 -0.236541615779 4.44728118697 3.79503822891 2.1610831468
18.41841841841842 0.900465056043 6.71017755775 3.98007967994 -0.129569565733
18.61861861861862 2.35238250719 7.52390009122 3.82437013156 -1.24108363818
18.81881881881882 3.78959329581 6.46998791378 3.5415558879 -1.47100309714
19.01901901901902 4.77786335935 2.99066111453 3.2747180603 -1.10677843847
19.21921921921922 4.87469281134 -2.08573774104 3.12377846684 -0.378950908592
19.41941941941942 4.01692725955 -6.11265219046 3.11171079085 0.190362509868
19.61961961961962 2.59229164068 -7.74245757302 3.16626399681 0.26268200906
19.81981981981982 1.03703103726 -7.55913031644 3.17505412926 -0.300834783428
20.02002002002002 -0.352165011603 -6.12949197199 2.98515345393 -1.76237381529
20.22022022022022 -1.35228064124 -3.75257343013 2.41286834239 -4.03678696149
20.42042042042042 -1.84664697461 -1.25982049175 1.3732236052 -6.2472100705
20.62062062062062 -1.9116576206 0.443148521255 -0.0266423588811 -7.56571643101
20.82082082082082 -1.7324850064 1.20739155295 -1.59510558722 -7.97643356941
21.02102102102102 -1.48068279975 1.16868489714 -3.173836744 -7.67003245695
21.22122122122122 -1.33270935506 0.105473333963 -4.60256870605 -6.40588034102
21.42142142142142 -1.52157679236 -2.15920975087 -5.65577150959 -3.94007919128
21.62162162162162 -2.21790060235 -4.70110874598 -6.14968981466 -1.04090399708
21.82182182182182 -3.30806420518 -5.83665991774 -6.13077529868 1.03122178453
22.02202202202202 -4.3895788358 -4.53064268666 -5.81148490721 2.00838902877
22.22222222222222 -4.9642841382 -0.91728176505 -5.36954624586 2.33632149257
22.42242242242242 -4.71190247273 3.34772248494 -4.89236720647 2.41708270096
22.62262262262262 -3.72430624219 6.1740098606 -4.39757642054 2.55692710027
22.822822822822822 -2.37542467894 7.01153551458 -3.85006533825 2.97099632184
23.023023023023022 -1.00448074805 6.53182348096 -3.18191232608 3.77063067467
23.223223223223222 0.199273835299 5.43328641037 -2.31730542621 4.90656520376
23.423423423423422 1.15920244702 4.15281119202 -1.21236789464 6.11412476569
23.623623623623622 1.86790983128 2.95428468984 0.113115813776 7.06310199795
23.823823823823822 2.35482922249 1.9431892306 1.5863167704 7.57792867956
24.024024024024023 2.65974864604 1.14212460804 3.11725446704 7.64078537826
24.224224224224223 2.83334608231 0.665748537575 4.61244518352 7.19849552112
24.424424424424423 2.96637801966 0.786686812583 5.95128921836 6.03306552142
24.624624624624623 3.19839873906 1.6313208683 6.96732515583 3.97767773721
24.824824824824823 3.63100350349 2.62301902361 7.50783524487 1.39962043167
25.025025025025027 4.18110016799 2.62333735086 7.54663657308 -0.911732478191
25.225225225225227 4.57281795616 1.0433459739 7.18982160922 -2.53933502258
25.425425425425427 4.53402982191 -1.48398686413 6.56662493304 -3.61955167575
25.625625625625627 4.00138083582 -3.69161097025 5.75837192224 -4.42873245548
25.825825825825827 3.13007698986 -4.82120766944 4.79920349955 -5.14582173079
26.026026026026027 2.13584149258 -4.99054124216 3.70060890152 -5.82028473489
26.226226226226228 1.16252514249 -4.69562256867 2.47448023325 -6.40820326485
26.426426426426428 0.259397214052 -4.33746658488 1.14529635145 -6.83931276171
26.626626626626628 -0.582254697803 -4.09421393909 -0.25041772395 -7.06819537669
26.826826826826828 -1.38797326662 -3.96787692242 -1.67018332495 -7.07803894922
27.027027027027028 -2.17151135245 -3.84676641779 -3.06919155764 -6.85862213004
27.227227227227228 -2.9162938937 -3.546379742 -4.39981782313 -6.39056054418
27.42742742742743 -3.56659154457 -2.87761691119 -5.60912021524 -5.63919134565
27.62762762762763 -4.04014625097 -1.79468898629 -6.63505372888 -4.54673739861
27.82782782782783 -4.27307083899 -0.537914814257 -7.40153732719 -3.03411800311
28.02802802802803 -4.27275445814 0.467927297593 -7.81886591989 -1.06242181095
28.22822822822823 -4.11875299585 0.995280316742 -7.80505579938 1.22777897819
28.42842842842843 -3.89367201729 1.23695460223 -7.33102397927 3.46067944651
28.62862862862863 -3.6190427344 1.53557128503 -6.45023229769 5.24116321009
28.82882882882883 -3.26647565806 2.01089196472 -5.27337514179 6.41677117286
29.02902902902903 -2.80912923316 2.55776021106 -3.91637021607 7.06309080425
29.22922922922923 -2.24539739426 3.06334374178 -2.47174399283 7.31129316879
29.42942942942943 -1.58545673481 3.52878728224 -1.00983972387 7.24417017155
29.62962962962963 -0.829180119246 4.04325902343 0.409862424409 6.89282358948
29.82982982982983 0.0422721035634 4.68531256933 1.73298123628 6.28787060275
30.03003003003003 1.05239096842 5.40256822941 2.91635980902 5.51803190914
30.23023023023023 2.19149756734 5.9000742804 3.94146740246 4.73362567901
30.43043043043043 3.36152723444 5.5946419593 4.81979652209 4.06642317214
30.63063063063063 4.33330914222 3.83890988823 5.57917292035 3.53684277938
30.83083083083083 4.80165595272 0.681586959652 6.2373480047 3.02381462348
31.03103103103103 4.60115780157 -2.53730637531 6.77423732622 2.27125154426
31.23123123123123 3.89714142855 -4.13089979143 7.1051998398 0.895843095276
31.43143143143143 3.09584754639 -3.54985463265 7.06987010655 -1.3975373561
31.63163163163163 2.56020066471 -1.7280515075 6.51103687147 -4.18038056666
31.83183183183183 2.38200973031 -0.200300952114 5.43584747137 -6.3925661453
32.032032032032035 2.40899061934 0.297901429366 4.02472427091 -7.53592326574
32.232232232232235 2.44427308019 -0.0583944639195 2.47322245898 -7.85481499818
32.432432432432435 2.34746605458 -0.995410679835 0.918567790323 -7.5790366397
32.632632632632635 2.01173998097 -2.43898089375 -0.519064766926 -6.67110122505
32.832832832832835 1.34574460729 -4.24756825519 -1.71202534046 -5.17223156712
33.033033033033036 0.314544408719 -6.00203610456 -2.5791481257 -3.51533784021
33.233233233233236 -1.0221358619 -7.2323164217 -3.14679259019 -2.25203411789
33.433433433433436 -2.5201109131 -7.53449134393 -3.52183756237 -1.5914363622
33.633633633633636 -3.93250152331 -6.23485212162 -3.81755931456 -1.43349894013
33.833833833833836 -4.86389481469 -2.70865691679 -4.11871104829 -1.61504571381
34.034034034034036 -4.92972739151 2.06036643669 -4.4694802858 -1.87070465424
34.234234234234236 -4.12174135851 5.64385639647 -4.84857967811 -1.84337937363
34.434434434434436 -2.83810292235 6.76105050252 -5.16723141266 -1.20305659164
34.63463463463464 -1.56704588812 5.60465564118 -5.2582154056 0.505171205326
34.83483483483484 -0.695360306458 2.96131533047 -4.89000032037 3.28543724241
35.03503503503504 -0.381381113496 0.306234536853 -3.94842060194 5.98450356725
35.23523523523524 -0.493106021901 -1.20668879053 -2.57393634551 7.53281176182
35.43543543543544 -0.790714126071 -1.61902995703 -1.00444992181 8.00504492666
35.63563563563564 -1.08904679952 -1.22517177989 0.582000625698 7.71596888937
35.83583583583584 -1.21454420939 0.169757660387 2.02134424842 6.46943548883
36.03603603603604 -0.942760242055 2.69487781514 3.09339859546 4.08180484658
36.23623623623624 -0.118313094513 5.46322967803 3.63281449803 1.3692847656
36.43643643643644 1.17675011866 7.24978733641 3.70296844573 -0.468623152934
36.63663663663664 2.686019584 7.55704449524 3.52000584037 -1.20546625596
36.83683683683684 4.07272733135 5.90537686967 3.26894780107 -1.20097752539
37.03703703703704 4.88301799233 1.81936502854 3.07661605906 -0.640350653815
37.23723723723724 4.72955379591 -3.27933323791 3.02933346889 0.157937819624
37.43743743743744 3.68627431639 -6.7268611381 3.11722422026 0.634745098784
37.63763763763764 2.19796610371 -7.80003157801 3.24600510617 0.550686511175
37.83783783783784 0.672197783013 -7.21598645165 3.28900023526 -0.272015139417
38.03803803803804 -0.607506017456 -5.37637155297 3.06768134665 -2.11194526381
38.23823823823824 -1.4244102473 -2.72820288603 2.3958702254 -4.62953189712
38.43843843843844 -1.71936203084 -0.356569069819 1.24318809344 -6.73122983082
38.63863863863864 -1.6374172676 0.99774171109 -0.227129358648 -7.78501281248
38.83883883883884 -1.38136930163 1.4274937607 -1.81676307531 -7.97610013915
39.03903903903904 -1.11995606229 1.02724862725 -3.37168977745 -7.41124771329
39.23923923923924 -1.046996001 -0.515017362275 -4.71003843065 -5.74471883024
39.43943943943944 -1.40092770168 -3.12516526678 -5.59554854154 -2.98396860415
39.63963963963964 -2.28335230883 -5.50342008378 -5.90712128912 -0.254200420296
39.83983983983984 -3.48305497474 -6.09528830259 -5.77279680876 1.39411627203
40.04004004004004 -4.55371499289 -4.16810816191 -5.41586313131 2.04818670512
40.24024024024024 -5.00488022211 -0.101014853617 -4.98716539284 2.17941980057
40.44044044044044 -4.58017136391 4.17130427815 -4.55423858797 2.14523361821
40.64064064064064 -3.45795152111 6.67247335294 -4.11887167254 2.24678156875
40.84084084084084 -2.04227567969 7.20010988998 -3.63187590372 2.68698789618
41.04104104104104 -0.65502619152 6.51854844974 -3.01259776786 3.57702130038
41.24124124124124 0.528984847284 5.24884268841 -2.17335260971 4.85065848297
41.44144144144144 1.43457243111 3.79643005709 -1.06639417374 6.18169088498
41.64164164164164 2.05744346476 2.46331393971 0.279211182355 7.18301002929
41.84184184184184 2.43869079542 1.39308292729 1.775616026 7.68084853156
42.04204204204204 2.63573807325 0.634412949352 3.3216531938 7.68128924155
42.24224224224224 2.72360711958 0.345575292098 4.81357705657 7.10940438188
42.44244244244244 2.82588132452 0.823747798848 6.11225298348 5.70272653051
42.64264264264264 3.10604816013 2.05572557281 7.03399325906 3.38058080788
42.84284284284284 3.64127849847 3.15510513812 7.44417084196 0.744428474069
43.04304304304304 4.27398646499 2.8600352388 7.36885248374 -1.3671767522
43.24324324324324 4.66569312073 0.805580602751 6.94794754998 -2.72893884264
43.44344344344344 4.54219367098 -2.04559717901 6.30818859614 -3.61016526253
43.64364364364364 3.89044933074 -4.27206862313 5.51438719894 -4.30765106181
43.84384384384384 2.91888195001 -5.22638061947 4.58412259237 -4.9896694733
44.04404404404404 1.86389496227 -5.19804919065 3.51521325338 -5.6877067079
44.24424424424424 0.864633456568 -4.75695937539 2.31028392159 -6.33213343759
44.44444444444444 -0.0403163411427 -4.2999346349 0.989931824289 -6.82654200486
44.64464464464464 -0.866241863817 -3.97466300276 -0.408843614062 -7.10926579857
44.84484484484484 -1.6389204591 -3.75350565647 -1.84095474168 -7.15742790656
45.04504504504504 -2.36811680858 -3.51588565578 -3.25803604508 -6.95546491435
45.24524524524524 -3.03550754608 -3.11220529328 -4.60701363295 -6.46917743745
45.44544544544544 -3.59594675651 -2.43924100172 -5.82534238828 -5.63823960771
45.645645645645644 -3.99627090367 -1.53424466058 -6.83639219173 -4.38567458231
45.845845845845844 -4.20818793082 -0.599076523266 -7.54951108748 -2.65961084642
46.046046046046044 -4.24891698235 0.152544823513 -7.87362845894 -0.526187402539
46.246246246246244 -4.16064180457 0.708595485368 -7.75021743006 1.75237789422
46.446446446446444 -3.96682586525 1.23733295776 -7.1873603015 3.80478638201
46.646646646646644 -3.65950645642 1.84471960217 -6.259735631 5.37140042417
46.846846846846844 -3.22717083048 2.46601711917 -5.07239898167 6.40668669304
47.047047047047045 -2.67891763975 2.98878193864 -3.72430667684 6.99543482748
47.247247247247245 -2.03908176419 3.38606248692 -2.29446661856 7.23738628874
47.447447447447445 -1.3266167847 3.73264625132 -0.845417564801 7.19382047593
47.647647647647645 -0.540068232004 4.14465097987 0.568555574721 6.88967075407
47.847847847847845 0.342346647991 4.69329310737 1.89740343892 6.35039768393
48.048048048048045 1.34374198941 5.30252622671 3.10024451839 5.64820037278
48.248248248248245 2.44851181111 5.64752564961 4.15637929018 4.90716546796
48.448448448448445 3.54819975097 5.13994742412 5.0700177907 4.2365491878
48.648648648648646 4.41122027605 3.23135528924 5.85826130312 3.64455856836
48.848848848848846 4.76199828277 0.16960526986 6.52614574172 3.00065635237
49.049049049049046 4.49487809982 -2.65309678617 7.03850893131 2.03444826718
49.249249249249246 3.81642505871 -3.77330561509 7.29422897235 0.376847261866
49.449449449449446 3.11677950094 -2.95485462174 7.13227793182 -2.1056944943
49.649649649649646 2.68898592513 -1.31106672687 6.43755060344 -4.77711667433
49.849849849849846 2.55416172147 -0.192848886561 5.27204636249 -6.69252240846
50.050050050050054 2.54615468284 -0.0335097998303 3.82589166118 -7.60757722928
50.250250250250254 2.49404862026 -0.577615271716 2.27332648444 -7.80593970664
50.450450450450454 2.28430468481 -1.58709423616 0.736502691734 -7.4547638303
50.650650650650654 1.83200944301 -2.9916262134 -0.67239666177 -6.52143654924
50.850850850850854 1.06917268556 -4.64638063527 -1.8412290131 -5.09999925556
51.051051051051054 -0.0215363627572 -6.19732131806 -2.70934353061 -3.60399899967
51.251251251251254 -1.37806405067 -7.23603080769 -3.31055012254 -2.48942529223
51.451451451451454 -2.8541504574 -7.29204403013 -3.7423938289 -1.90972961788
51.651651651651655 -4.18142067537 -5.60873826521 -4.10458083485 -1.76919169795
51.851851851851855 -4.95157261281 -1.77424155958 -4.46889622374 -1.89567311948
52.052052052052055 -4.83699318915 2.8387298681 -4.86280180189 -2.0081707686
52.252252252252255 -3.92338587982 5.89044131034 -5.24957580963 -1.77004455281
52.452452452452455 -2.64972503656 6.41783531498 -5.52280092326 -0.794499529269
52.652652652652655 -1.50151066127 4.75073624746 -5.48800503283 1.34589258549
52.852852852852855 -0.823782749989 1.96837721718 -4.92877025173 4.26835137976
53.053053053053056 -0.678902184748 -0.333729684362 -3.81780596931 6.63975578257
53.253253253253256 -0.872183533176 -1.39925433358 -2.35495927936 7.78075021496
53.453453453453456 -1.17467039103 -1.48969613983 -0.764001826019 7.98944029403
53.653653653653656 -1.41515483418 -0.759121229016 0.794715298632 7.43867491524
53.853853853853856 -1.40548988815 1.05243076666 2.14386052724 5.84226053114
54.054054054054056 -0.930642919644 3.76711836925 3.06703268666 3.2867100096
54.254254254254256 0.087235304053 6.2587394671 3.46756409817 0.839433583839
54.454454454454456 1.49582748556 7.58772724319 3.47459386068 -0.579323404782
54.65465465465466 3.02734566574 7.42948423157 3.30028793119 -1.03421693224
54.85485485485486 4.33018317011 5.17016438892 3.10318066608 -0.838254884824
55.05505505505506 4.93610381284 0.588454842834 2.9994116756 -0.135766793247
55.25525525525526 4.54256745372 -4.32080603404 3.05397242341 0.639240280902
55.45545545545546 3.3518395219 -7.14715367081 3.22458455483 0.971448129034
55.65565565565566 1.8330526695 -7.71634708618 3.4027518215 0.694280937672
55.85585585585586 0.365078322924 -6.72027296599 3.44487241752 -0.450490012466
56.05605605605606 -0.773225693825 -4.47569748535 3.14807254042 -2.67276549638
56.25625625625626 -1.39042450157 -1.70828914421 2.34623655619 -5.29830086293
56.45645645645646 -1.50477721571 0.381767785371 1.08010975095 -7.16071175046
56.65665665665666 -1.31335380627 1.36234743359 -0.446401446723 -7.93007924087
56.85685685685686 -1.01595244794 1.47977917414 -2.0428377377 -7.90023414055
57.05705705705706 -0.779466625793 0.703129092114 -3.55460984383 -7.02917233742
57.25725725725726 -0.818070812814 -1.29892585187 -4.77492779047 -4.95085582108
57.45745745745746 -1.35542189126 -4.09003898573 -5.47817220287 -2.03639186561
57.65765765765766 -2.40518340294 -6.13970623503 -5.62499302171 0.388199956228
57.85785785785786 -3.67649348819 -6.15907163243 -5.40437414706 1.63031624522
58.05805805805806 -4.70009319869 -3.64556395723 -5.02896987987 2.0192398143
58.25825825825826 -5.00400595594 0.779804676608 -4.62406046411 1.98256257285
58.45845845845846 -4.40697745732 4.93643979282 -4.2410904385 1.85676822169
58.65865865865866 -3.16764938866 7.07092811959 -3.86619113266 1.94200077217
58.85885885885886 -1.70343753843 7.30976998812 -3.43678013522 2.42667514664
59.05905905905906 -0.313857486658 6.44041160459 -2.85984519164 3.42457131146
59.25925925925926 0.83700884271 4.99395099539 -2.03660163818 4.84430371399
59.45945945945946 1.67401657568 3.37209082927 -0.918636569689 6.28557425957
59.65965965965966 2.19995594378 1.93385462989 0.451582245578 7.31062833255
59.85985985985986 2.47245243745 0.852420879818 1.97009244957 7.76669345233
60.06006006006006 2.56880924622 0.189347177985 3.52590636293 7.68535944775
60.26026026026026 2.58883906876 0.140470454413 5.00458886332 6.95479167923
60.46046046046046 2.68688128816 1.00160090398 6.24688243369 5.28089615282
60.66066066066066 3.03916326172 2.56123881144 7.0583158503 2.72952864447
60.86086086086086 3.68052953727 3.63866650673 7.3365720482 0.127973386789
61.06106106106106 4.37626527641 2.96548311416 7.16077520533 -1.73848870212
61.26126126126126 4.74193365607 0.45498952699 6.69142916393 -2.85256999956
61.46146146146146 4.51919589191 -2.63407945371 6.04507227684 -3.56650373137
61.66166166166166 3.75143053766 -4.8026604569 5.27011836758 -4.17508152599
61.86186186186186 2.692512669 -5.56170996224 4.36965227931 -4.834581163
62.06206206206206 1.58928077939 -5.35347286782 3.32959001314 -5.56151800935
62.26226226226226 0.572232005787 -4.78759548192 2.14442216156 -6.26348039082
62.46246246246246 -0.32960927872 -4.241675653 0.831567281518 -6.81921519711
62.66266266266266 -1.1356789711 -3.83317090475 -0.570928769504 -7.15102521836
62.86286286286286 -1.87037768095 -3.51187923811 -2.0148343704 -7.2302430168
63.06306306306306 -2.53975075356 -3.15990434861 -3.44776551892 -7.0363062116
63.26326326326326 -3.12658211362 -2.67577115993 -4.81071892648 -6.51943139155
63.46346346346346 -3.60104638613 -2.04470989667 -6.03077119515 -5.59190900715
63.66366366366366 -3.94171267691 -1.36128026989 -7.01604595911 -4.16256830182
63.86386386386386 -4.15062867769 -0.740631589399 -7.66339001325 -2.22961230337
64.06406406406407 -4.24177433724 -0.167148479368 -7.88748852984 0.0161854102604
64.26426426426427 -4.21083662657 0.503885591258 -7.65958912659 2.22337358585
64.46446446446447 -4.02860371473 1.33805057046 -7.02123951128 4.07819220002
64.66466466466467 -3.67282680738 2.20384411369 -6.05908161792 5.45281894103
64.86486486486487 -3.15727023493 2.90805549662 -4.86833453115 6.3733708671
65.06506506506507 -2.52489358648 3.37086136079 -3.5321294101 6.91962945795
65.26526526526527 -1.81963774671 3.65525860357 -2.11786650619 7.16285112741
65.46546546546547 -1.06424139639 3.8957453961 -0.681423941376 7.14589436068
65.66566566566567 -0.253989874782 4.22062415742 0.727251764082 6.88764515817
65.86586586586587 0.635254058596 4.68349818546 2.06157367604 6.40869520307
66.06606606606607 1.62404815813 5.17929296679 3.28231404182 5.7668911998
66.26626626626627 2.68847241135 5.35805880181 4.36646728424 5.06222902564
66.46646646646647 3.71003282146 4.64974908975 5.31099491632 4.38068315487
66.66666666666667 4.46091719825 2.63352801942 6.12187921031 3.71523265251
66.86686686686687 4.70325969419 -0.261725534332 6.79047454563 2.92365143101
67.06706706706707 4.38998538078 -2.65624896368 7.26564909801 1.72665541753
67.26726726726727 3.75637328989 -3.35019693769 7.43270760684 -0.194534821337
67.46746746746747 3.16041310748 -2.41120978874 7.14140321264 -2.78061854635
67.66766766766767 2.81981131981 -1.03394256872 6.32582580058 -5.26968651665
67.86786786786787 2.70015558278 -0.312712988726 5.0904983186 -6.90364028772
68.06806806806807 2.63741190421 -0.433066714648 3.62267131743 -7.63299626852
68.26826826826827 2.49021255313 -1.1065525641 2.07551689187 -7.73595455056
68.46846846846847 2.17113504485 -2.13366493564 0.558739820408 -7.33066787217
68.66866866866867 1.6159502222 -3.45674968654 -0.824283871518 -6.40045705864
68.86886886886887 0.775225855831 -4.95026753602 -1.97677784376 -5.07251131367
69.06906906906907 -0.358003038808 -6.31970711735 -2.85397911579 -3.72441922478
69.26926926926927 -1.72137971213 -7.17789068278 -3.49247667509 -2.73213149477
69.46946946946947 -3.16188426537 -6.97247145033 -3.97988862267 -2.21160607082
69.66966966966967 -4.38849532442 -4.91623228956 -4.40341836253 -2.06995713678
69.86986986986987 -4.99260873242 -0.871523749132 -4.82199807204 -2.12319222025
70.07007007007007 -4.71568169443 3.47920064148 -5.247413358 -2.08377695954
70.27027027027027 -3.72799786766 5.96973232117 -5.62774865775 -1.61158963675
70.47047047047047 -2.49789646943 5.91145348565 -5.8339310189 -0.258855918342
70.67067067067067 -1.49852619381 3.82380192648 -5.65099830113 2.25506185417
70.87087087087087 -1.01052075403 1.09172556164 -4.90429834951 5.14528094739
71.07107107107107 -1.00051584768 -0.778562305752 -3.65473622966 7.12446052916
71.27127127127127 -1.2398846899 -1.43840825218 -2.1322389164 7.91924124878
71.47147147147147 -1.51894945996 -1.2199780477 -0.536971577559 7.90075535658
71.67167167167167 -1.67092531719 -0.129741080058 0.978601621992 7.08006201837
71.87187187187187 -1.49771286836 2.02895472873 2.22504863718 5.19354640718
72.07207207207207 -0.819438423591 4.74420148889 3.01119322873 2.63761056942
72.27227227227228 0.36051646408 6.86699809284 3.31340326745 0.539597413789
72.47247247247248 1.84808679881 7.77390120916 3.29881190737 -0.517969259583
72.67267267267268 3.37253028295 7.14759375936 3.16062080173 -0.753090900783
72.87287287287288 4.55764542017 4.26521873677 3.03640599911 -0.396367708359
73.07307307307308 4.93695820488 -0.663880013721 3.03107767186 0.378873369869
73.27327327327328 4.31956640868 -5.20187308491 3.18073953953 1.05005254664
73.47347347347348 3.01638336093 -7.40192633469 3.41615604383 1.20406862074
73.67367367367368 1.49671776362 -7.4918152836 3.61876394759 0.685258696802
73.87387387387388 0.117897599087 -6.04962129299 3.62223825238 -0.848349852169
74.07407407407408 -0.846099081005 -3.44964714142 3.20744818393 -3.41034678183
74.27427427427428 -1.25618413035 -0.747038540095 2.25616669962 -5.97959912182
74.47447447447448 -1.2150827694 0.954206989515 0.885451682901 -7.51219747895
74.67467467467468 -0.94691121601 1.57539770963 -0.681576816283 -8.00197067876
74.87487487487488 -0.636951840258 1.38638404387 -2.26936381646 -7.73276278865
75.07507507507508 -0.458325487801 0.194784770845 -3.71346626227 -6.49383055534
75.27527527527528 -0.643836367395 -2.22452792454 -4.78480115483 -4.02903854398
75.47547547547548 -1.3757904904 -5.01492350876 -5.29586225228 -1.1273200882
75.67567567567568 -2.57037063034 -6.61534272203 -5.29781023916 0.89844594167
75.87587587587588 -3.87919949834 -6.05227212866 -5.01482636218 1.76974439596
76.07607607607608 -4.8234437322 -2.9779187809 -4.63613392164 1.92916804928
76.27627627627628 -4.95922653594 1.71124002895 -4.26600304513 1.73648022664
76.47647647647648 -4.19168183528 5.64244248743 -3.94118355793 1.53682919059
76.67667667667668 -2.85094130821 7.38598896129 -3.63114484632 1.62435718337
76.87687687687688 -1.35299606986 7.35516140186 -3.26005462861 2.17257511528
77.07707707707708 0.026490713267 6.2973589525 -2.72192305552 3.30144380432
77.27727727727728 1.12935097524 4.65547955822 -1.90706230276 4.88138104317
77.47747747747748 1.88054687069 2.86501085375 -0.770132867599 6.42106892532
77.67767767767768 2.29602439492 1.35658857661 0.628304994268 7.44220052862
77.87787787787788 2.45520880061 0.315006207705 2.16734603372 7.83440634245
78.07807807807808 2.45693121717 -0.19789250337 3.7273694146 7.65035186675
78.27827827827828 2.42642373578 0.0496720519697 5.18155943679 6.72424592316
78.47847847847848 2.54668095538 1.31807443615 6.34895780123 4.75818898499
78.67867867867868 2.99356916401 3.13583656083 7.03371594659 2.03052558363
78.87887887887888 3.74265751151 4.07106496967 7.17991341641 -0.445967036931
79.07907907907908 4.48353711956 2.9580722159 6.91643866999 -2.03660991771
79.27927927927928 4.80158718348 0.0141350637431 6.41196973487 -2.91959021296
79.47947947947948 4.46845568538 -3.24073235519 5.76820581105 -3.48664117061
79.67967967967968 3.58732590225 -5.29622449902 5.01788158584 -4.01981277081
79.87987987987988 2.44989821077 -5.85262954112 4.15088515638 -4.66485536157
80.08008008008008 1.30584680045 -5.48009622567 3.14200549243 -5.42649572668
80.28028028028028 0.275478358407 -4.80038533794 1.97782435193 -6.19133855191
80.48048048048048 -0.619673289081 -4.16337643526 0.672732344489 -6.81231561275
80.68068068068068 -1.40078829223 -3.65976991504 -0.733703172709 -7.19392284999
80.88088088088088 -2.08976141198 -3.22559939081 -2.18939289891 -7.30123732138
81.08108108108108 -2.69000230912 -2.75895141517 -3.63721966124 -7.10876534464
81.28128128128128 -3.18940201655 -2.22098033612 -5.01136951484 -6.54899481613
81.48148148148148 -3.57938923521 -1.68682065752 -6.22699892103 -5.50335027081
81.68168168168168 -3.87349343489 -1.27764711738 -7.17560497299 -3.87475892755
81.88188188188188 -4.09822977483 -0.967785196883 -7.74418117339 -1.74233707006
82.08208208208208 -4.25025340043 -0.497323917645 -7.86150026182 0.563365934182
82.28228228228228 -4.2699925738 0.369644835151 -7.53406258299 2.64493148151
82.48248248248248 -4.08221202187 1.5270253021 -6.83216424296 4.2889660485
82.68268268268268 -3.66369108692 2.61171968476 -5.84665017258 5.48740148688
82.88288288288288 -3.06024535324 3.35006884438 -4.65995925655 6.31147356695
83.08308308308308 -2.34688250761 3.72616128823 -3.34001521282 6.82783994192
83.28328328328328 -1.58221950968 3.89406608625 -1.94360432524 7.08113013216
83.48348348348348 -0.789348652837 4.03528977089 -0.520523759345 7.09723054304
83.68368368368368 0.0404967183837 4.27794850804 0.883147090155 6.88884819687
83.88388388388388 0.932531472699 4.64988476462 2.22376437733 6.47155264647
84.08408408408408 1.90236078661 5.01448547379 3.4632477801 5.88905166078
84.28428428428428 2.91593487168 5.00672297588 4.57576750278 5.21663273061
84.48448448448448 3.84692202468 4.10490471543 5.5502057299 4.51448974217
84.68468468468468 4.48004793728 2.04319940384 6.37998530074 3.75714081472
84.88488488488488 4.62430339957 -0.599381206948 7.04085912061 2.78992005121
85.08508508508508 4.28855869325 -2.53017850684 7.46476621651 1.33868884664
85.28528528528528 3.72137517477 -2.8571640991 7.52860088674 -0.818474061871
85.48548548548548 3.2308161067 -1.92312138714 7.10592667173 -3.418927987
85.68568568568568 2.95678845639 -0.890906053137 6.18368785619 -5.67087477341
85.88588588588588 2.82566302884 -0.553061484894 4.89575870458 -7.04192797646
86.08608608608608 2.68891187427 -0.902963421699 3.41743275172 -7.61770332181
86.28628628628628 2.43780824532 -1.65342038728 1.88172864799 -7.64518687942
86.48648648648648 2.01084393282 -2.64892293211 0.387090165817 -7.20803031374
86.68668668668668 1.36290104152 -3.85591158326 -0.973232072887 -6.30966610942
86.88688688688688 0.458627002402 -5.18157893545 -2.11749028293 -5.0921154581
87.08708708708708 -0.703485582483 -6.37831312655 -3.01293338028 -3.88590339303
87.28728728728728 -2.06068488637 -7.04899854799 -3.69524068312 -2.99830525828
87.48748748748748 -3.44904279837 -6.55872989694 -4.24111212411 -2.51897952434
87.68768768768768 -4.55682220788 -4.15068513249 -4.72514658638 -2.356087298
87.88788788788789 -4.99023324309 -0.0060314767044 -5.19280385488 -2.31394478223
88.08808808808809 -4.57011742625 3.97645707724 -5.64031426345 -2.10053400446
88.28828828828829 -3.54191749172 5.86467993449 -5.99817414909 -1.34591565035
88.48848848848849 -2.39286674544 5.22718558454 -6.1106302168 0.423714919096
88.68868868868869 -1.56742588667 2.84890016051 -5.75724417954 3.2122392601
88.88888888888889 -1.25919235807 0.350662698162 -4.83092378678 5.90745185395
89.08908908908909 -1.34977217428 -1.04122073295 -3.47055095543 7.47224144415
89.28928928928929 -1.6012000202 -1.31810075633 -1.91039286205 7.97391346824
89.48948948948949 -1.82403062787 -0.774940760007 -0.325563098443 7.73962279906
89.68968968968969 -1.85067565706 0.679079647466 1.13167328717 6.64996916348
89.88988988988989 -1.48802242486 3.06008380122 2.26907938949 4.57437567519
90.09009009009009 -0.614256671779 5.59918456309 2.94048561872 2.17345216189
90.29029029029029 0.696987758661 7.31517772017 3.18713599506 0.456097050062
90.49049049049049 2.2344383112 7.82401640486 3.18844141665 -0.301622010919
90.69069069069069 3.72144728991 6.68863362014 3.11251390057 -0.359728758532
90.89089089089089 4.75083554051 3.18412978901 3.08038357038 0.11892966032
91.09109109109109 4.88472451668 -1.90504365249 3.18003368334 0.879801482775
91.29129129129129 4.06392446528 -5.92077633997 3.41429372061 1.37971927102
91.49149149149149 2.68152305402 -7.49859507683 3.6949764232 1.3205748476
91.69169169169169 1.19313930808 -7.09065560537 3.89181684398 0.482024142319
91.89189189189189 -0.0557996242236 -5.16002820962 3.80969978543 -1.50390953447
92.09209209209209 -0.809843614119 -2.3201235584 3.23275385906 -4.29940426926
92.29229229229229 -1.01324208877 0.116970714484 2.1209160843 -6.63105532808
92.49249249249249 -0.844787055625 1.37003391723 0.659325914084 -7.77922461993
92.69269269269269 -0.529019443892 1.65291467392 -0.932175265022 -7.99510533813
92.89289289289289 -0.235594623068 1.12493334302 -2.4916423916 -7.43518730709
93.09309309309309 -0.155189266741 -0.539714060181 -3.83388307152 -5.75694430521
93.29329329329329 -0.527469755432 -3.28784912815 -4.72026613193 -2.98394986864
93.49349349349349 -1.46107079432 -5.87599486232 -5.033863927 -0.2838795677
93.69369369369369 -2.77611582407 -6.93477241123 -4.9129102726 1.28319896255
93.89389389389389 -4.08918959153 -5.77176155648 -4.58933884529 1.81927499825
94.09409409409409 -4.91917278607 -2.14623510874 -4.22362382331 1.76044362793
94.29429429429429 -4.86290096627 2.70262310936 -3.90410428423 1.41360918472
94.49449449449449 -3.92532744191 6.29602020434 -3.65106955131 1.15915525921
94.69469469469469 -2.49719112397 7.62609249135 -3.41524561667 1.27117400742
94.89489489489489 -0.979704978401 7.33113951178 -3.10687432615 1.91221569242
95.09509509509509 0.373818300762 6.05948988827 -2.60488727637 3.21161693883
95.29529529529529 1.40583157746 4.18695659666 -1.78873310024 4.97618313784
95.49549549549549 2.04505367727 2.23640116044 -0.62221368965 6.59864124011
95.69569569569569 2.33081104802 0.713390529445 0.809377441666 7.58108677496
95.89589589589589 2.37031013267 -0.220013917813 2.36761736963 7.88296275295
96.09609609609609 2.28486117556 -0.511787052682 3.92517574506 7.56434824514
96.29629629629629 2.22613278427 0.107066822711 5.33940747079 6.38794818925
96.49649649649649 2.40231193794 1.80639073474 6.40702362833 4.1065568236
96.69669669669669 2.97058558899 3.78828332168 6.94571292892 1.28196810214
96.89689689689689 3.82929057867 4.45030216341 6.9606789886 -0.970927477361
97.09709709709709 4.59692234057 2.83412928149 6.62310421491 -2.25936268754
97.29729729729729 4.84449317039 -0.526276747518 6.09766901519 -2.92234442666
97.49749749749749 4.38745118314 -3.87974785859 5.46805837835 -3.3550354095
97.69769769769769 3.39232487455 -5.77086141551 4.75169550882 -3.82278453255
97.89789789789789 2.18166039291 -6.11524289341 3.9255847135 -4.46300420809
98.09809809809809 1.00184528911 -5.58445495236 2.95317146114 -5.27131258389
98.29829829829829 -0.0373452988777 -4.78819508021 1.812631132 -6.11283640694
98.49849849849849 -0.919417991712 -4.04449165922 0.515376955797 -6.8101387134
98.69869869869869 -1.66533723303 -3.42463396433 -0.896504237906 -7.24588755825
98.89889889889889 -2.29456318171 -2.86343930149 -2.36562684958 -7.37855148695
99.09909909909909 -2.81088899405 -2.29164100108 -3.82880093728 -7.17817101416
99.29929929929929 -3.21366917903 -1.74766662715 -5.21179016734 -6.5557847542
99.49949949949949 -3.52319298717 -1.39032726554 -6.4152392292 -5.35813836705
99.69969969969969 -3.79031288287 -1.3194305951 -7.31246338271 -3.50090477727
99.89989989989989 -4.05576289984 -1.30083136864 -7.7858804289 -1.1882245765
100.10010010010011 -4.28038581465 -0.830999422244 -7.78960723879 1.10778838591
100.30030030030031 -4.34108752374 0.326317303735 -7.36962614969 3.00649729741
100.50050050050051 -4.12646182542 1.82392378624 -6.61793859081 4.42924406232
100.70070070070071 -3.62749661097 3.08259229973 -5.62179739083 5.46722133049
100.90090090090091 -2.9291537632 3.80145103493 -4.44818599729 6.21383541339
101.10110110110111 -2.13644031098 4.0603069092 -3.15000122764 6.71635347396
101.30130130130131 -1.31767689751 4.10373675199 -1.77401054594 6.99303013563
101.50150150150151 -0.493119298815 4.14646300791 -0.364455476099 7.05281711799
101.70170170170171 0.350490649274 4.30405920387 1.03585333207 6.90158774988
101.90190190190191 1.23792132041 4.5716074414 2.38547178177 6.54917051499
102.10210210210211 2.17763784111 4.78223621436 3.64658146089 6.02435562108
102.30230230230231 3.12502050638 4.57364546323 4.78942437621 5.37618258014
102.50250250250251 3.95103529118 3.50831205118 5.79326838888 4.63632121787
102.70270270270271 4.46428349437 1.49112697119 6.63686325562 3.75826475566
102.90290290290291 4.5282567293 -0.804449899497 7.27817357957 2.57852946788
103.10310310310311 4.19979296845 -2.25808644311 7.6328332768 0.856656009376
103.30330330330331 3.71995495202 -2.3179556066 7.57871919633 -1.48153192536
103.50350350350351 3.32931339686 -1.53154465439 7.02690540996 -3.99800430265
103.70370370370371 3.09448521237 -0.905753913572 6.0150168661 -5.97633598593
103.90390390390391 2.92235073156 -0.920701007288 4.69139845185 -7.11183716653
104.10410410410411 2.69204880403 -1.43956754821 3.21297592267 -7.56474962441
104.30430430430431 2.32980615224 -2.20681806167 1.69403781307 -7.53871515672
104.50450450450451 1.79890946248 -3.12072427719 0.222150011469 -7.09630961518
104.70470470470471 1.07019094278 -4.18333895337 -1.12064218201 -6.25860215418
104.90490490490491 0.117346677732 -5.33830740834 -2.26634834819 -5.16500808
105.10510510510511 -1.05917621342 -6.36536077176 -3.19023319917 -4.09317843151
105.30530530530531 -2.39469499183 -6.83313639657 -3.92381476874 -3.29257156671
105.50550550550551 -3.711232987 -6.03965688744 -4.53179059489 -2.83425846224
105.70570570570571 -4.68219836617 -3.3276549409 -5.07554513794 -2.62557438684
105.90590590590591 -4.94576424808 0.787227182863 -5.58621066875 -2.46059437424
106.10610610610611 -4.40841727554 4.29905531005 -6.04368852708 -2.03637894258
106.30630630630631 -3.37912741094 5.54954260052 -6.35679002629 -0.936560946944
106.50650650650651 -2.35054555444 4.38085962754 -6.34402461367 1.25386071088
106.70670670670671 -1.71431528604 1.90106212238 -5.80403082899 4.16309870637
106.90690690690691 -1.56152086681 -0.198876242063 -4.71529776742 6.52906962982
107.10710710710711 -1.71102139025 -1.09660988452 -3.27210852078 7.69919801257
107.30730730730731 -1.93480011804 -1.00341195664 -1.69306219809 7.95554864381
107.50750750750751 -2.06142104923 -0.126128569733 -0.1322701068 7.5117803043
107.70770770770771 -1.92583019874 1.63116937278 1.25572197367 6.19305639161
107.90790790790791 -1.36205989561 4.052840001 2.29166435406 4.07027349869
108.10810810810811 -0.316342974249 6.28333819643 2.88506145391 1.94037157919
108.30830830830831 1.0917409937 7.60473095681 3.12209964651 0.581843086863
108.50850850850851 2.6494060891 7.72330923171 3.17433740336 0.0579428323857
108.70870870870871 4.06348930467 6.02493228332 3.18489600677 0.134713289657
108.90890890890891 4.89836867259 1.95675947701 3.25947173601 0.670018073797
109.10910910910911 4.77923145415 -3.07004036779 3.46127520745 1.31886039204
109.30930930930931 3.78425682707 -6.45733390723 3.76185898691 1.59756011811
109.50950950950951 2.35881958976 -7.41499257675 4.06117764355 1.27332803085
109.70970970970971 0.942348648494 -6.45437991948 4.20909396464 0.00844289316053
109.90990990990991 -0.126824604012 -4.03828451577 3.98251074276 -2.44240146725
110.11011011011011 -0.643046736408 -1.16934460407 3.20428901763 -5.27299838221
110.31031031031031 -0.656759629198 0.820857306107 1.93476675016 -7.1978375831
110.51051051051051 -0.395321077381 1.62184257864 0.402015006973 -7.95009103152
110.71071071071071 -0.0626211353119 1.57613975967 -1.1952307464 -7.88550102745
110.91091091091091 0.176946979185 0.633979492334 -2.69819400902 -6.9492121857
111.11111111111111 0.106864677613 -1.53993631614 -3.89396287616 -4.78977455346
111.31131131131131 -0.490903159151 -4.43973051528 -4.56304072995 -1.87792511989
111.51151151151151 -1.62103386222 -6.61947520375 -4.6885470473 0.429922119032
111.71171171171171 -3.02532177072 -7.07693763896 -4.47431869054 1.52549820676
111.91191191191191 -4.3042360864 -5.28241008145 -4.13469487672 1.7605644881
112.11211211211211 -4.97726808211 -1.1164481533 -3.80379171424 1.47839491861
112.31231231231232 -4.70189960711 3.75055815697 -3.5572418629 0.986984369063
112.51251251251252 -3.59726861705 6.88164237864 -3.39350676001 0.711261869518
112.71271271271272 -2.09867767223 7.77553957134 -3.24249214699 0.883299290297
112.91291291291292 -0.580689412297 7.20113615925 -2.99903235598 1.66846817292
113.11311311311312 0.720453148872 5.65935239119 -2.52342667327 3.20134716055
113.31331331331332 1.64441889802 3.52053774981 -1.68660682109 5.17363313567
113.51351351351352 2.13571369689 1.46071258946 -0.473301689939 6.83759979779
113.71371371371372 2.27211547916 0.0229848149715 0.9980705807 7.72757898914
113.91391391391392 2.19201454669 -0.70934824651 2.57327678304 7.90287825261
114.11411411411412 2.03741831442 -0.68980997477 4.11806199161 7.39812211243
114.31431431431432 1.98688638757 0.386930683656 5.46868005779 5.89699382303
114.51451451451452 2.26518343181 2.50777436853 6.4034377712 3.30262064047
114.71471471471472 2.98387359412 4.50269641006 6.77717875555 0.508636725052
114.91491491491492 3.9482008183 4.7397796001 6.66791370625 -1.41735324915
115.11511511511512 4.71669170509 2.55660041669 6.27443659035 -2.38892060419
115.31531531531532 4.86430027931 -1.19302036751 5.74548956503 -2.84451593982
115.51551551551552 4.26626324812 -4.56036496217 5.14487090028 -3.15579163299
115.71571571571572 3.1557956178 -6.226010402 4.47463818366 -3.57212724396
115.91591591591592 1.87785945759 -6.34293982092 3.69852449971 -4.22446352831
116.11611611611612 0.669559777351 -5.65015289284 2.76784363956 -5.10084906549
116.31631631631632 -0.369437215951 -4.72226463832 1.65175801012 -6.040858214
116.51651651651652 -1.22526444536 -3.84718751286 0.35947208735 -6.82812696392
116.71671671671672 -1.91802524498 -3.09053046484 -1.06219104693 -7.31892337813
116.91691691691692 -2.46724610844 -2.4028742481 -2.54814254393 -7.4672594189
117.11711711711712 -2.88307051822 -1.76454756634 -4.02724243515 -7.24015421935
117.31731731731732 -3.18496547282 -1.29837360908 -5.41451303974 -6.52128909086
117.51751751751752 -3.42937018801 -1.22158035338 -6.59273004664 -5.123165944
117.71771771771772 -3.70166375595 -1.53776101527 -7.41731074902 -3.01414778339
117.91791791791792 -4.03780360399 -1.73583402067 -7.77697774023 -0.574514592474
118.11811811811812 -4.3407028394 -1.1177154094 -7.66466372095 1.61819994172
118.31831831831832 -4.4215082436 0.427640039898 -7.16520539583 3.28215057136
118.51851851851852 -4.15037328167 2.25607316167 -6.38133853013 4.48599760184
118.71871871871872 -3.55082138854 3.61504490361 -5.38898079226 5.38788900394
118.91891891891892 -2.75265331517 4.24530808561 -4.2376666414 6.08279177173
119.11911911911912 -1.88612182326 4.35243792494 -2.96566427468 6.59334429814
119.31931931931932 -1.02278414172 4.2630140414 -1.61060479055 6.91048963134
119.51951951951952 -0.176677761322 4.20673842012 -0.21221143164 7.02545174552
119.71971971971972 0.670132817358 4.27415427766 1.18876636135 6.93640421038
119.91991991991992 1.5405124104 4.42382666917 2.55171391507 6.64669983934
120.12012012012012 2.43467759929 4.4667796145 3.83757999507 6.16970001395
120.32032032032032 3.29964764767 4.06889984138 5.0110850401 5.52761294186
120.52052052052052 4.01205787196 2.90765451315 6.04011509474 4.72245737353
120.72072072072072 4.41542677445 1.04453949083 6.8868409258 3.68731359805
120.92092092092092 4.42857019322 -0.835920403614 7.49065304237 2.26348994001
121.12112112112112 4.13932620599 -1.86276963602 7.75572079566 0.287784835564
121.32132132132132 3.75692080937 -1.81093503132 7.57475237404 -2.13681235332
121.52152152152152 3.4446142028 -1.30731789326 6.90565559607 -4.47759268162
121.72172172172172 3.21216142277 -1.10055114126 5.8258290469 -6.178530084
121.92192192192192 2.96936543757 -1.39780867668 4.48310622944 -7.12067321136
122.12212212212212 2.63207779172 -2.00225817384 3.01313476447 -7.48500243183
122.32232232232232 2.16056498105 -2.71920482607 1.5137071802 -7.43142964228
122.52252252252252 1.53852731267 -3.51069749725 0.0620337670564 -7.01075774763
122.72272272272272 0.746964888888 -4.41824112239 -1.27072160328 -6.25375532705
122.92292292292292 -0.236732569495 -5.41213063279 -2.42752855694 -5.28443801382
123.12312312312312 -1.41188148593 -6.27485973517 -3.38764015704 -4.32972924944
123.32332332332332 -2.70917970788 -6.52767525948 -4.17608298845 -3.59321907059
123.52352352352352 -3.9355363934 -5.43520602881 -4.84510259317 -3.13228385207
123.72372372372372 -4.75939000899 -2.502884067 -5.44252785896 -2.85141515131
123.92392392392392 -4.86632950598 1.44854223656 -5.98465828766 -2.53489761511
124.12412412412412 -4.24695556022 4.41657690526 -6.43373012963 -1.85713066983
124.32432432432432 -3.25808966711 5.03904685439 -6.67401013739 -0.369338531294
124.52452452452452 -2.37852232732 3.47031429649 -6.50896511388 2.16729132726
124.72472472472472 -1.92176223643 1.11263087962 -5.78432876261 5.01131948264
124.92492492492492 -1.87932841481 -0.489016169196 -4.56347021219 6.98256690996
125.12512512512512 -2.03790495223 -0.921926174743 -3.06562410592 7.82016987035
125.32532532532532 -2.1915115569 -0.490784800654 -1.48340270807 7.87817918516
125.52552552552552 -2.18606687144 0.672587280814 0.0438020851379 7.25091569796
125.72572572572572 -1.87086760438 2.58888868396 1.36341153568 5.79325441157
125.92592592592592 -1.12381446242 4.87244682214 2.32350140428 3.76063913049
126.12612612612612 0.0521898218869 6.75252790921 2.88396119895 1.93851891974
126.32632632632632 1.5192433665 7.73144606511 3.1514762112 0.86880360578
126.52652652652652 3.06562032708 7.45706428795 3.27941184019 0.508904370722
126.72672672672672 4.37041966239 5.17643845536 3.38955161301 0.666918276184
126.92692692692692 4.98491077695 0.689679364731 3.57051206561 1.17430803865
127.12712712712712 4.62774251475 -4.06318779685 3.85671525834 1.63709566855
127.32732732732732 3.49961074233 -6.78222060881 4.19663563131 1.66784725504
127.52752752752752 2.07267341144 -7.11725725942 4.47905124125 1.00560685103
127.72772772772772 0.775830336875 -5.56221465514 4.52376766475 -0.772547796835
127.92792792792793 -0.0706671362907 -2.78676002536 4.0979660563 -3.57541335369
128.12812812812814 -0.350464179063 -0.15542218224 3.10577076319 -6.18563481053
128.32832832832833 -0.214493682557 1.3022773646 1.70308796062 -7.61775696717
128.52852852852854 0.100135935396 1.7004479319 0.125043614569 -8.01076440385
128.72872872872873 0.415090414842 1.30678394121 -1.45497456321 -7.6390835701
128.92892892892894 0.55332531644 -0.135442247796 -2.86520841041 -6.24202266109
129.12912912912913 0.279348706191 -2.750889398 -3.8724981928 -3.66697724877
129.32932932932934 -0.560616828993 -5.54019405855 -4.31776293273 -0.869473580803
129.52952952952953 -1.85910782958 -7.16895354545 -4.29081791785 0.926104501781
129.72972972972974 -3.31213884077 -7.01171621473 -4.02288171038 1.60053759342
129.92992992992993 -4.5120606097 -4.55083092191 -3.6964848433 1.56555745271
130.13013013013014 -4.98220972659 0.0992110953957 -3.42795325506 1.06052171884
130.33033033033033 -4.46950923799 4.78922181052 -3.27795152588 0.46772395232
130.53053053053054 -3.21322806353 7.34876840337 -3.21634501974 0.225934006311
130.73073073073073 -1.66909588462 7.79910583517 -3.15260683775 0.510409751277
130.93093093093094 -0.178459030703 6.90798691824 -2.96381520242 1.51640110311
131.13113113113113 1.03026352543 5.02553974578 -2.48833868667 3.35356720385
131.33133133133134 1.79863744869 2.63568723021 -1.59814640197 5.51710564777
131.53153153153153 2.11011231293 0.59578901183 -0.317367996099 7.1337703676
131.73173173173174 2.09335889761 -0.623381235594 1.19774395918 7.86414357956
131.93193193193193 1.91207166477 -1.06318052407 2.78385561592 7.87142330563
132.13213213213214 1.72406210583 -0.644785228772 4.29914925421 7.10917836275
132.33233233233233 1.73377807269 0.94913704134 5.55351759289 5.21432581742
132.53253253253254 2.16446908332 3.39710797509 6.32120289818 2.37884868579
132.73273273273273 3.05048387334 5.19690901494 6.52322360784 -0.215551683444
132.93293293293294 4.10074685766 4.87182130705 6.30896496412 -1.74285216067
133.13313313313313 4.83370493586 2.08916568425 5.8829658634 -2.41139351768
133.33333333333334 4.8484004072 -1.98371413332 5.36971697697 -2.68098788209
133.53353353353353 4.09583240534 -5.25432514348 4.8133144259 -2.89036934507
133.73373373373374 2.87458995345 -6.63369761117 4.20037347527 -3.27646014974
133.93393393393393 1.54038123431 -6.51236790783 3.48091182089 -3.96515930166
134.13413413413414 0.315762494263 -5.65052622042 2.59338099557 -4.93712749824
134.33433433433433 -0.708057108112 -4.57013188882 1.49795088487 -5.99822445657
134.53453453453454 -1.51799682407 -3.54134541072 0.203768541833 -6.88218228691
134.73473473473473 -2.13504202423 -2.64422053613 -1.2340896358 -7.41765285301
134.93493493493494 -2.58419514648 -1.86077626296 -2.74010062557 -7.5614080753
135.13513513513513 -2.88981767746 -1.22929079421 -4.23352400615 -7.278622311
135.33533533533534 -3.09967397105 -0.949115032727 -5.61606899102 -6.4170628887
135.53553553553553 -3.30943793604 -1.24811092089 -6.74968891991 -4.76781785512
135.73573573573574 -3.62752109614 -1.94214532247 -7.47683354921 -2.41595467924
135.93593593593593 -4.05873523145 -2.21173638235 -7.70913962902 0.0539962087803
136.13613613613614 -4.43051858121 -1.27954763585 -7.48830733766 2.04795615416
136.33633633633633 -4.4982411817 0.712919516523 -6.92917080485 3.45229524964
136.53653653653654 -4.13830888421 2.81194869632 -6.13239364659 4.45997357199
136.73673673673673 -3.42365594751 4.16960625292 -5.1570254188 5.25946178862
136.93693693693695 -2.52901849928 4.6417852247 -4.03470905384 5.93292951669
137.13713713713713 -1.60118607772 4.57303083272 -2.79017060588 6.47512782377
137.33733733733735 -0.707832195814 4.3503128353 -1.453365596 6.84851156686
137.53753753753753 0.145738647106 4.19772603393 -0.0611521927538 7.02581797288
137.73773773773775 0.981682553709 4.17193532054 1.34601817705 6.9971597311
137.93793793793793 1.81990041227 4.19779630502 2.72655284222 6.75933442225
138.13813813813815 2.65312410667 4.08005117243 4.03838459037 6.31062454148
138.33833833833833 3.4251890984 3.53925493118 5.23904282897 5.64716247732
138.53853853853855 4.02799735036 2.37832901018 6.28355698137 4.74270962397
138.73873873873873 4.34618928625 0.765790192965 7.11672206786 3.51695038327
138.93893893893895 4.34474297791 -0.694876405829 7.66169421048 1.84300957557
139.13913913913913 4.11851395473 -1.42134865928 7.82112532792 -0.322340811918
139.33933933933935 3.82462519197 -1.43472009823 7.51637828645 -2.72023468096
139.53953953953953 3.55397313866 -1.29394074371 6.75155186724 -4.83061785389
139.73973973973975 3.28545473418 -1.45161510525 5.62683027085 -6.28652233415
139.93993993993993 2.95127031691 -1.92437580911 4.27854973357 -7.0865710686
140.14014014014015 2.50675761491 -2.52331030436 2.82187459682 -7.39714769564
140.34034034034033 1.9403499887 -3.13623933349 1.34099936805 -7.34097111108
140.54054054054055 1.24843892913 -3.78931208587 -0.0958648838102 -6.96086364696
140.74074074074073 0.415449701563 -4.55393239757 -1.42647404336 -6.28885500804
140.94094094094095 -0.581415268169 -5.40805358311 -2.60114723096 -5.42860597008
141.14114114114113 -1.74086982033 -6.11632116994 -3.59987775038 -4.56470884886
141.34134134134135 -2.98630495671 -6.15485778396 -4.44019594679 -3.86613191664
141.54154154154153 -4.11140363715 -4.79804480711 -5.16232372109 -3.37899320757
141.74174174174175 -4.79111074334 -1.750147632 -5.80085023723 -3.0031339056
141.94194194194193 -4.76742728251 1.9322402168 -6.35730422627 -2.51126108582
142.14214214214215 -4.1049400234 4.33939349272 -6.77533383228 -1.54964785302
142.34234234234233 -3.18906236155 4.41634617853 -6.91686633472 0.311563523815
142.54254254254255 -2.46274608391 2.64507604259 -6.58936818238 3.04849566606
142.74274274274273 -2.14815925103 0.588153350803 -5.7034518416 5.67986456202
142.94294294294295 -2.16019409422 -0.511222677227 -4.38703686121 7.27540122496
143.14314314314313 -2.28160052477 -0.554722844558 -2.85824713221 7.86219303104
143.34334334334335 -2.33369692311 0.141390966211 -1.28348526727 7.76813873582
143.54354354354354 -2.18229332991 1.47944641136 0.208013147263 7.00877654712
143.74374374374375 -1.70187869541 3.39301803114 1.47256970041 5.51379969626
143.94394394394394 -0.813923190374 5.44571209627 2.38984686914 3.64506589356
144.14414414414415 0.445720172918 7.01796570504 2.95410127887 2.09263395607
144.34434434434434 1.9377519511 7.7135609332 3.2746359344 1.22561715832
144.54454454454455 3.44453817743 7.04663813948 3.48546798381 0.966454138013
144.74474474474474 4.61366085177 4.23117062074 3.69106340455 1.14875932496
144.94494494494495 5.0062673443 -0.479244189095 3.96139336978 1.56078805936
145.14514514514514 4.44783628001 -4.81863970802 4.30495585476 1.8124615142
145.34534534534535 3.23360785646 -6.886466857 4.65485191989 1.57998216458
145.54554554554554 1.84809734298 -6.60262007765 4.88202727407 0.507812354625
145.74574574574575 0.712453230677 -4.49864775861 4.77502891195 -1.7739197953
145.94594594594594 0.101073311595 -1.60776016655 4.12651454935 -4.69620717361
146.14614614614615 0.0198079063856 0.591996620522 2.94543162192 -6.89785690433
146.34634634634634 0.253288308578 1.5545643613 1.4488623113 -7.87020305747
146.54654654654655 0.582532822516 1.60802916057 -0.14785518481 -7.9598679573
146.74674674674674 0.84230376322 0.820669898848 -1.68581646084 -7.24375664663
146.94694694694695 0.831352995419 -1.13991118862 -2.9699549488 -5.37477286721
147.14714714714714 0.323494429876 -3.98947104615 -3.77329936143 -2.58478230589
147.34734734734735 -0.737598015216 -6.43170946818 -4.02843686755 -0.127365172508
147.54754754754754 -2.15756583038 -7.48721587674 -3.90499201545 1.16455678046
147.74774774774775 -3.61582034226 -6.73238332585 -3.62544117363 1.50672445292
147.94794794794794 -4.69181422121 -3.59361933822 -3.34249110639 1.22925908734
148.14814814814815 -4.92478750158 1.39825729877 -3.16182880128 0.539488144593
148.34834834834834 -4.18057305429 5.7031124433 -3.12085283713 -0.0718530432715
148.54854854854855 -2.80460711165 7.64803774624 -3.15871351168 -0.217070016741
148.74874874874874 -1.24637887347 7.67009256723 -3.1680094905 0.241724812497
148.94894894894895 0.182377826001 6.41259257154 -3.00458223415 1.55349167875
149.14914914914914 1.2532679521 4.15805859022 -2.48635319981 3.72597641934
149.34934934934935 1.82846857855 1.63387505572 -1.50641758752 5.98657280929
149.54954954954954 1.95499675641 -0.209189950184 -0.145587595088 7.43829868869
149.74974974974975 1.80857357095 -1.10994539482 1.4089814066 7.95911392386
149.94994994994994 1.56319381668 -1.20755053482 2.99438843254 7.7603533578
150.15015015015015 1.38931760424 -0.334553736428 4.45706933437 6.6656749731
150.35035035035034 1.51328323399 1.76000797773 5.58030816909 4.36273446373
150.55055055055055 2.12956354558 4.34643866851 6.16037541399 1.44070127052
150.75075075075074 3.17328950683 5.75343924851 6.20484431953 -0.806355699427
150.95095095095095 4.27310132912 4.79735695489 5.91441974367 -1.93228730196
151.15115115115114 4.93037941951 1.44214727243 5.47880177714 -2.33994236372
151.35135135135135 4.786449386 -2.84082663999 4.99698520823 -2.45263813023
151.55155155155154 3.87854575738 -5.90022825142 4.49518899024 -2.5858829268
151.75175175175175 2.56092061831 -6.95820094076 3.9448825366 -2.96628808582
151.95195195195194 1.18660646249 -6.6048247021 3.28251183328 -3.71620458997
152.15215215215215 -0.0389330218543 -5.57085794384 2.43359078442 -4.80755304619
152.35235235235234 -1.03001475095 -4.32215505315 1.35048508896 -6.00157724988
152.55255255255256 -1.77395021495 -3.13407067462 0.0457491095569 -6.9733592157
152.75275275275274 -2.29673493158 -2.1196029521 -1.41354554051 -7.53040264482
152.95295295295296 -2.63525161645 -1.29680891061 -2.93982622745 -7.64346959516
153.15315315315314 -2.83442787083 -0.757352718401 -4.44215462975 -7.27296370332
153.35335335335336 -2.97455181569 -0.757573168342 -5.80665424666 -6.22206340028
153.55355355355354 -3.18723864702 -1.47623891264 -6.87365409483 -4.29220283621
153.75375375375376 -3.58544532575 -2.46436347589 -7.4831869847 -1.75326238993
153.95395395395394 -4.11830389722 -2.63233062414 -7.58652031344 0.634609309515
154.15415415415416 -4.53423116264 -1.26907024892 -7.27407419192 2.37100906948
154.35435435435434 -4.55360698167 1.1569577141 -6.67619531036 3.52794212827
154.55455455455456 -4.08260271665 3.42468540945 -5.88189229583 4.37554566072
154.75475475475474 -3.25182573616 4.68508521087 -4.93174721865 5.10593369757
154.95495495495496 -2.27351989905 4.95876008485 -3.8408063163 5.78299010181
155.15515515515514 -1.30068605905 4.7143578759 -2.62194886144 6.3733893434
155.35535535535536 -0.392061034713 4.36960525878 -1.29914932915 6.81107770417
155.55555555555554 0.456140535375 4.12721957765 0.0918992609723 7.05036480532
155.75575575575576 1.26897767149 4.00829110614 1.509395285 7.07374647518
155.95595595595594 2.06282324304 3.91290862229 2.90923472816 6.87214525785
156.15615615615616 2.82513835149 3.65791581173 4.24495338717 6.42960840479
156.35635635635634 3.50276350063 3.03670257926 5.46569251735 5.71721275597
156.55655655655656 4.01031016767 1.96579032365 6.51275889033 4.68346352568
156.75675675675674 4.27329976001 0.656365848584 7.31415813685 3.24832614221
156.95695695695696 4.28763756412 -0.440610633217 7.78214584249 1.35022528086
157.15715715715714 4.13254279371 -1.02099455941 7.82960955519 -0.915242415741
157.35735735735736 3.90399827686 -1.23318014742 7.41435712817 -3.19726778768
157.55755755755754 3.63722891984 -1.45994538898 6.57740006656 -5.06904883516
157.75775775775776 3.30539832152 -1.88674606232 5.42621962727 -6.32834191714
157.95795795795794 2.87394689818 -2.4297223847 4.08081981527 -7.03116870698
158.15815815815816 2.33389185558 -2.95670260701 2.63877630193 -7.31487090754
158.35835835835834 1.69300581069 -3.44359626355 1.17356279389 -7.27243587729
158.55855855855856 0.952584374865 -3.96814406695 -0.253735452099 -6.93935692977
158.75875875875874 0.0957750921185 -4.61445871461 -1.58733400163 -6.34423817038
158.95895895895896 -0.901559060326 -5.35048850154 -2.78195071532 -5.57166365746
159.15915915915915 -2.03566430864 -5.91277452222 -3.81651312455 -4.77316771828
159.35935935935936 -3.22082062793 -5.74593455009 -4.70113795944 -4.09079397011
159.55955955955955 -4.24133331737 -4.17342677951 -5.46488856812 -3.55966578191
159.75975975975976 -4.78862041948 -1.10513835726 -6.12969616773 -3.07309156737
159.95995995995995 -4.66348170152 2.2455250867 -6.68254308697 -2.38994566377
160.16016016016016 -3.99059430518 4.12182752543 -7.04878222317 -1.1376079917
160.36036036036037 -3.16468481581 3.78114688846 -7.07543120106 1.03014281931
160.56056056056056 -2.57509564833 1.99617675803 -6.59287422139 3.81489722079
160.76076076076077 -2.35592307136 0.324879048603 -5.57820988432 6.16551968669
160.96096096096096 -2.37490076749 -0.33482915543 -4.19762408268 7.44929297356
161.16116116116117 -2.42896861578 -0.0835186635274 -2.65403310619 7.85559505291
161.36136136136136 -2.36784344378 0.784415704945 -1.09226296093 7.64970618366
161.56156156156158 -2.07952121461 2.18152311866 0.366770592894 6.81265271935
161.76176176176176 -1.46597832205 3.99157486524 1.59257969297 5.34822255082
161.96196196196198 -0.480606531166 5.80881686942 2.49228535947 3.65316887274
162.16216216216216 0.826918332181 7.13903076756 3.0795941091 2.30847040174
162.36236236236238 2.31973160969 7.58902977676 3.45829919712 1.57573223843
162.56256256256256 3.76617377916 6.53826499635 3.74582617409 1.37139130801
162.76276276276278 4.7868181606 3.27841078609 4.03215293422 1.53536243439
162.96296296296296 4.97380223278 -1.47951866356 4.36912954629 1.82125890796
163.16316316316318 4.25711734096 -5.341502462 4.74503062507 1.86681077856
163.36336336336336 3.00008018621 -6.79272238974 5.07958631703 1.35062174004
163.56356356356358 1.69323495606 -5.91750929448 5.21857263795 -0.168091048158
163.76376376376376 0.741717054523 -3.40850791059 4.93238217237 -2.83447458004
163.96396396396398 0.345300695567 -0.648070198644 4.07378095562 -5.63950409177
164.16416416416416 0.408752522558 1.06351403695 2.74872409518 -7.38042626526
164.36436436436438 0.693135474286 1.61993804172 1.19531112693 -7.98591979167
164.56456456456456 1.00395340676 1.35452845489 -0.398156460874 -7.8102138397
164.76476476476478 1.17259434247 0.139260119473 -1.87210946467 -6.72943355787
164.96496496496496 0.979066054717 -2.24550920833 -3.01219498042 -4.48074298204
165.16516516516518 0.242128323613 -5.07480086188 -3.62989933734 -1.716608379
165.36536536536536 -0.994284528008 -7.06123577795 -3.75186683121 0.303202275937
165.56556556556558 -2.48818797149 -7.59876405317 -3.58624817347 1.18540390465
165.76576576576576 -3.91271040606 -6.25847327758 -3.32942244675 1.27485145411
165.96596596596598 -4.82713485255 -2.47897168757 -3.11422922393 0.789271443273
166.16616616616616 -4.81033736893 2.64570433349 -3.0350353837 -0.00393143732124
166.36636636636638 -3.8634646588 6.41550682739 -3.09798679851 -0.545300611073
166.56656656656656 -2.40676761921 7.77502196225 -3.21691817021 -0.54523035187
166.76676676676678 -0.865685582256 7.38725884417 -3.27056883047 0.149974922418
166.96696696696696 0.46642948579 5.72388767276 -3.09000246851 1.83000065615
167.16716716716718 1.3634479522 3.15239530521 -2.4833976242 4.2890372649
167.36736736736736 1.73578453098 0.681657690871 -1.39032102755 6.49610408158
167.56756756756758 1.70269393826 -0.832598997349 0.0478063582228 7.6934879222
167.76776776776777 1.46628544296 -1.39239245014 1.6300624274 7.98981104701
167.96796796796798 1.19828381393 -1.13713675432 3.19915235221 7.54921632676
168.16816816816817 1.08399712061 0.20853564094 4.58306923227 6.06708945221
168.36836836836838 1.36185970979 2.70408925135 5.54756926362 3.42121230088
168.56856856856857 2.16871208047 5.21070758205 5.94037012309 0.596374511863
168.76876876876878 3.33841936335 6.10484683578 5.85604165943 -1.2339815646
168.96896896896897 4.44561633165 4.51966399703 5.51762456949 -2.01081121442
169.16916916916918 4.99258137353 0.665601203624 5.08929452714 -2.20552978683
169.36936936936937 4.67731400119 -3.69209859408 4.64844431082 -2.1911260664
169.56956956956958 3.62578260176 -6.45130457659 4.20512927875 -2.27527000247
169.76976976976977 2.23192855193 -7.18598800455 3.71634522464 -2.6727463481
169.96996996996998 0.834814406726 -6.6193962135 3.10565100268 -3.50438995533
170.17017017017017 -0.376413065032 -5.41384810542 2.28625802113 -4.72963935003
170.37037037037038 -1.31863434254 -3.99195827311 1.2050871897 -6.05328331444
170.57057057057057 -1.98115944766 -2.65976644218 -0.117782517885 -7.08945918374
170.77077077077078 -2.40010142907 -1.57034522175 -1.60056332857 -7.63919848012
170.97097097097097 -2.62896677129 -0.769674812465 -3.14384593112 -7.69730937791
171.17117117117118 -2.73607768587 -0.392741503925 -4.64672259243 -7.20997233225
171.37137137137137 -2.83430462986 -0.730876767303 -5.97788921263 -5.9324659375
171.57157157157158 -3.08320860144 -1.85371696786 -6.95832325285 -3.72493219297
171.77177177177177 -3.58018693541 -3.00872398509 -7.43946503912 -1.08551774838
171.97197197197198 -4.2037813294 -2.93167573875 -7.42275642482 1.13085659034
172.17217217217217 -4.6333252742 -1.0960408855 -7.03803444282 2.59779590452
172.37237237237238 -4.57742009634 1.69341164921 -6.41758180167 3.54116265339
172.57257257257257 -3.98778194137 4.02263914992 -5.63456713815 4.26399547326
172.77277277277278 -3.05115454717 5.12374378743 -4.71244133193 4.94968463636
172.97297297297297 -2.0056954885 5.19475570056 -3.6518605977 5.64440459038
173.17317317317318 -1.0022006279 4.79451562419 -2.45568150076 6.28913091661
173.37337337337337 -0.0886775930042 4.34483499888 -1.1433180522 6.79084367996
173.57357357357358 0.746176584037 4.0194495697 0.249513219955 7.08629554072
173.77377377377377 1.52852727916 3.80786846214 1.67862917401 7.15115783341
173.97397397397398 2.27096136069 3.59651633489 3.0965497572 6.97132267794
174.17417417417417 2.95816659987 3.22997142444 4.45169770629 6.51714249838
174.37437437437438 3.54522840073 2.58301974495 5.68416183591 5.73474668047
174.57457457457457 3.97377640876 1.66400417294 6.72108819644 4.550811602
174.77477477477478 4.20630918532 0.669995643675 7.47516054515 2.90311557575
174.97497497497497 4.25467042056 -0.142037786529 7.85427002521 0.824501995862
175.17517517517518 4.16677281976 -0.703702923278 7.79118057671 -1.45967693906
175.37537537537537 3.97845758615 -1.18150211844 7.28114396536 -3.57692796205
175.57557557557558 3.68820377388 -1.73417117748 6.39066162322 -5.22778051578
175.77577577577577 3.28045405488 -2.33815615901 5.22476150838 -6.33227233074
175.97597597597598 2.75643971219 -2.87838132378 3.88659065159 -6.96730716821
176.17617617617617 2.13590860739 -3.30327799123 2.45916961976 -7.23939561472
176.37637637637638 1.43793179281 -3.66836128858 1.00745123549 -7.21750053849
176.57657657657657 0.663568525883 -4.08537713611 -0.41300652445 -6.92993657877
176.77677677677679 -0.207034298334 -4.63550569649 -1.75106435031 -6.40074629823
176.97697697697697 -1.19835317392 -5.26530428853 -2.96418684294 -5.69875122881
177.17717717717719 -2.30166447611 -5.68112924288 -4.02965922872 -4.94892907005
177.37737737737737 -3.42106367398 -5.31405470717 -4.95068063854 -4.26969683425
177.57757757757759 -4.33588681387 -3.56887443522 -5.74577572795 -3.68351366859
177.77777777777777 -4.76219064196 -0.554808200695 -6.42436320459 -3.07476805078
177.977977977978 -4.5595062062 2.42639560494 -6.95867096265 -2.18805255357
178.17817817817817 -3.89984529063 3.81499701102 -7.25704426032 -0.653518119869
178.3783783783784 -3.17033107117 3.18286015036 -7.16128152384 1.73728593793
178.57857857857857 -2.69528390725 1.52106458464 -6.5382216892 4.45493155213
178.7787787787788 -2.53257567476 0.253430112548 -5.42346943754 6.51224066648
178.97897897897897 -2.52697705812 -0.0417911546233 -4.00054448725 7.54677393302
179.1791791791792 -2.49876103286 0.421977229701 -2.4522471198 7.81928254755
179.37937937937937 -2.325364935 1.38306764261 -0.90648864203 7.53090465024
179.5795795795796 -1.91699630479 2.76160744888 0.52378243107 6.65598491144
179.77977977977977 -1.19967181273 4.42971731043 1.72254527669 5.25485793535
179.97997997998 -0.147125522 6.03921685472 2.61859477725 3.71929542307
180.18018018018017 1.18654580926 7.17233877587 3.2359481499 2.53431673443
180.3803803803804 2.66417465423 7.38662828363 3.67036816579 1.89418599542
180.58058058058057 4.03477839434 5.9603721528 4.02532312833 1.71653675269
180.7807807807808 4.90068124292 2.35042501917 4.37780003605 1.8366877143
180.98098098098097 4.90134360888 -2.32003639728 4.76298853932 1.98750227126
181.1811811811812 4.06348341429 -5.67270157861 5.15291931922 1.82990504561
181.38138138138137 2.79982849412 -6.5293891029 5.45130042544 0.998966043721
181.5815815815816 1.60182925214 -5.11544472395 5.47617425513 -0.960054173121
181.78178178178177 0.841383984296 -2.38713749368 5.00199789433 -3.8425526991
181.981981981982 0.62637501386 0.0733145263209 3.96267027964 -6.36983639234
182.18218218218217 0.786763480674 1.32178680919 2.5354779807 -7.6841574472
182.3823823823824 1.08705216401 1.53980971251 0.952021664922 -8.0047689156
182.58258258258257 1.35071453007 0.948811070134 -0.621018030407 -7.57477603447
182.7827827827828 1.39656299351 -0.689073968078 -2.01357687792 -6.14087101726
182.98298298298297 1.00477108382 -3.33255096854 -3.00723515935 -3.66311042151
183.1831831831832 0.0642788239407 -5.94587980265 -3.47480266129 -1.10674348761
183.38338338338338 -1.30115894189 -7.47189707005 -3.51778322196 0.483159407843
183.5835835835836 -2.83127956545 -7.54357916357 -3.35007799307 1.05457703833
183.78378378378378 -4.18826598428 -5.61038613666 -3.14033033701 0.942443190158
183.983983983984 -4.91169779526 -1.27701177792 -3.00905702148 0.296479060623
184.18418418418418 -4.64960496366 3.76160487543 -3.03269307586 -0.505580954762
184.3843843843844 -3.53728692736 6.92488120869 -3.18401425513 -0.914926535103
184.58458458458458 -2.03518835668 7.75352564289 -3.35988309415 -0.733986330414
184.7847847847848 -0.539720478489 6.95521581173 -3.42412725943 0.259377816059
184.98498498498498 0.663514002868 4.87597708058 -3.18210475185 2.32983105684
185.1851851851852 1.36535142254 2.11891998796 -2.45202140162 4.95777278508
185.38538538538538 1.54829419698 -0.121182186783 -1.24048132917 6.96641938452
185.5855855855856 1.39253938845 -1.25874219737 0.261890342186 7.87417243348
185.78578578578578 1.10351909942 -1.49899832667 1.85748788412 7.94779388768
185.985985985986 0.848333957326 -0.881812638477 3.39216580039 7.22267214646
186.18618618618618 0.831505652053 0.929964247767 4.67011856798 5.32833042314
186.3863863863864 1.28662032324 3.67801100283 5.45756679876 2.4627050908
186.58658658658658 2.27006433108 5.92121126439 5.67698289541 -0.110151038161
186.7867867867868 3.5280672682 6.25509360994 5.49397426477 -1.52261524617
186.98698698698698 4.6046922625 4.07112965244 5.12903786396 -2.01203216225
187.1871871871872 5.01479633233 -0.192741147055 4.7196313829 -2.02784270817
187.38738738738738 4.52501031063 -4.49645886748 4.3259926934 -1.91075239327
187.5875875875876 3.34652857591 -6.90010509587 3.94252425341 -1.96907854772
187.78778778778778 1.89570692647 -7.32908391976 3.51243616235 -2.40262189213
187.987987987988 0.490591380307 -6.56703040871 2.94692819055 -3.33367069148
188.18818818818818 -0.692813785995 -5.18667265332 2.14759994884 -4.70266885161
188.3883883883884 -1.57184975167 -3.5920485713 1.05885428557 -6.14510367008
188.58858858858858 -2.14117079843 -2.14194152725 -0.287499029954 -7.21755667838
188.7887887887888 -2.45204244343 -1.02454908345 -1.79337358049 -7.73357639907
188.98898898898898 -2.57732303147 -0.300185323045 -3.3487792746 -7.71695289066
189.1891891891892 -2.60942467483 -0.140189114645 -4.84282804134 -7.08518156511
189.38938938938938 -2.69223272585 -0.848809818719 -6.12502063434 -5.55183699682
189.5895895895896 -3.00331473973 -2.32814520617 -7.00193439041 -3.09366703105
189.78978978978978 -3.60607356185 -3.52030950113 -7.35075224315 -0.446206480574
189.98998998999 -4.30258449182 -3.10065177778 -7.22671514593 1.54168884594
190.19019019019018 -4.71848320221 -0.798311743909 -6.78632236055 2.7520442628
190.3903903903904 -4.56996860764 2.27074193667 -6.15445211517 3.51533447715
190.59059059059058 -3.86271423803 4.57616037358 -5.38777719242 4.13911841207
190.7907907907908 -2.83306657454 5.48877927758 -4.49469724626 4.79485135057
190.99099099099098 -1.7341208223 5.37189305069 -3.46343269916 5.51375461568
191.1911911911912 -0.709367897898 4.83874554908 -2.28813757863 6.214198701
191.39139139139138 0.203349087695 4.29685439792 -0.984501205978 6.77782823685
191.5915915915916 1.02046976678 3.88949420264 0.411092294211 7.12431415691
191.79179179179178 1.76747573114 3.58101564397 1.85150697685 7.22287427338
191.991991991992 2.45315846871 3.25535579559 3.28540442131 7.05481445079
192.19219219219218 3.06198415122 2.79832796727 4.65563419369 6.57636674033
192.3923923923924 3.56194069989 2.17074268985 5.89255071393 5.70720205684
192.59259259259258 3.92476916054 1.45000645621 6.90848640352 4.3558536048
192.7927927927928 4.14553973101 0.770856792256 7.60245593256 2.4985013717
192.99299299299298 4.23913487808 0.1710035359 7.88468301474 0.285373094101
193.1931931931932 4.21154568338 -0.465219000709 7.71497173737 -1.95369632708
193.39339339339338 4.04329000295 -1.23765204724 7.12359877432 -3.88200620464
193.5935935935936 3.71183083206 -2.06869977166 6.19291039582 -5.33250617884
193.79379379379378 3.22307181666 -2.78170571236 5.02014275508 -6.31053257688
193.993993993994 2.61292793314 -3.27661031413 3.69240938525 -6.89513721414
194.19419419419418 1.92337297638 -3.5907366081 2.28031857494 -7.1641134341
194.3943943943944 1.17913959819 -3.84604154849 0.841642966355 -7.16613612483
194.59459459459458 0.378529358873 -4.17260537868 -0.572632034384 -6.92265275892
194.7947947947948 -0.501118101526 -4.63735802342 -1.91502734229 -6.45324347767
194.99499499499498 -1.48261473394 -5.15895960893 -3.14500935843 -5.81328360772
195.1951951951952 -2.54974795739 -5.41627064201 -4.23804876194 -5.10403368036
195.39539539539538 -3.596165257 -4.84784122049 -5.19057250398 -4.42022737126
195.5955955955956 -4.40162048741 -2.97006521176 -6.01038177719 -3.76883125347
195.79579579579578 -4.71509540806 -0.0805474910122 -6.69361717315 -3.02282455773
195.995995995996 -4.45488131222 2.49395244268 -7.19686191988 -1.91563291761
196.19619619619618 -3.8286160292 3.43425711549 -7.41353852529 -0.111388287779
196.3963963963964 -3.19969429053 2.62488266221 -7.19087788582 2.42100245557
196.59659659659658 -2.81973645078 1.18643959664 -6.44128934829 4.98991264623
196.7967967967968 -2.68402854375 0.31925377992 -5.24815375402 6.76110970716
196.99699699699698 -2.63214939279 0.327910860396 -3.79783614569 7.59220196452
197.1971971971972 -2.51258616197 0.942427517405 -2.25205028743 7.75962573692
197.39739739739738 -2.22974630129 1.93894824189 -0.72491988675 7.41017394463
197.5975975975976 -1.7150135778 3.25133783049 0.679041985826 6.52653760224
197.79779779779778 -0.914021088173 4.76471290101 1.85854659414 5.20784322537
197.997997997998 0.187012657858 6.18929718767 2.75955022605 3.82005167304
198.19819819819818 1.53294460726 7.14272501093 3.41106188376 2.76608853748
198.3983983983984 2.98198289094 7.10981416109 3.8998205698 2.19440057493
198.59859859859858 4.26131904884 5.31265077332 4.31663153697 2.02433309059
198.7987987987988 4.96606795765 1.44311729737 4.72583261515 2.08185438394
198.99899899899899 4.79679939158 -3.02648494705 5.14695678081 2.0892748032
199.1991991991992 3.86920354408 -5.83595557265 5.53689032804 1.71203171728
199.39939939939939 2.63255231689 -6.10146821895 5.77858788133 0.523888043454
199.5995995995996 1.57114407753 -4.22256534543 5.66589653644 -1.83663281113
199.79979979979979 1.00180617278 -1.46379246447 5.00324620822 -4.76176854648
200.0 0.93514634946 0.593264327292 3.81315586687 -6.9208641615
