0.0 0.5 0.0 -0.5 0.7
0.20040080160320642 0.461877800652 -0.367078429098 -0.325560950205 1.02803353208
0.40080160320641284 0.359978709612 -0.628358724049 -0.0946786945669 1.25602298838
0.6012024048096193 0.219768372747 -0.744622824721 0.168783746545 1.34889473923
0.8016032064128257 0.0724010415092 -0.699035315715 0.435882416708 1.29165825451
1.002004008016032 -0.0500812213699 -0.499689138111 0.676899370269 1.09168509174
1.2024048096192386 -0.119684527731 -0.178370141702 0.865770524959 0.777601632803
1.402805611222445 -0.116782095418 0.214278184381 0.983960734373 0.394957961086
1.6032064128256514 -0.0331610845042 0.616453359043 1.0231994488 -0.000667640963007
1.8036072144288577 0.126665584709 0.964588452177 0.986662370495 -0.352083104811
2.004008016032064 0.3460819505 1.20301680248 0.888420385835 -0.609139181114
2.2044088176352705 0.598832391282 1.29244014849 0.751239786772 -0.736314765711
2.404809619238477 0.852952105246 1.21591555966 0.603068255074 -0.718080583237
2.6052104208416833 1.07556885674 0.981452038601 0.47274012155 -0.561227102423
2.80561122244489 1.23784840037 0.620822637178 0.385552403005 -0.293803702504
3.006012024048096 1.31933139978 0.184770268208 0.359385147186 0.0391713730623
3.2064128256513027 1.31100655611 -0.264659257491 0.401952851038 0.38257343736
3.406813627254509 1.21665236043 -0.663501240198 0.509605639727 0.679571247235
3.6072144288577155 1.05224505467 -0.955546159861 0.667861445787 0.880286543874
3.8076152304609217 0.843521765467 -1.10083581454 0.853589506942 0.949398716575
4.008016032064128 0.622069188156 -1.08169500916 1.03851350711 0.87154256331
4.208416833667335 0.420530678819 -0.905377076617 1.1935034626 0.653673794206
4.408817635270541 0.267661414684 -0.602932926942 1.29300295911 0.324052794853
4.609218436873747 0.183978593472 -0.224465840446 1.31892284609 -0.0720080630045
4.809619238476954 0.178668535021 0.168502615913 1.26340871543 -0.478983974342
5.01002004008016 0.248219369708 0.512398671959 1.13006248239 -0.839528131187
5.210420841683367 0.376986574186 0.75127292075 0.933432492623 -1.10314006527
5.410821643286573 0.539605744308 0.845318924176 0.69684884378 -1.23379691646
5.61122244488978 0.704885134195 0.776939062201 0.448933015787 -1.21538814014
5.811623246492986 0.840588203409 0.553441266592 0.219309961838 -1.05413305053
6.012024048096192 0.918379323685 0.205952801742 0.0341735784429 -0.777610596103
6.212424849699399 0.918182092189 -0.215281570996 -0.0876222965128 -0.430551195325
6.412825651302605 0.831288413278 -0.648504836727 -0.137354647653 -0.0680283841951
6.613226452905812 0.661746101581 -1.0298021462 -0.117680869503 0.252916147276
6.813627254509018 0.425813958478 -1.30278520274 -0.0421581349556 0.481943270149
7.014028056112225 0.149566597517 -1.42713735951 0.066893834736 0.583067203323
7.214428857715431 -0.134988359604 -1.38472276791 0.181861935569 0.540125248057
7.414829659318637 -0.394691867702 -1.18233267623 0.274113538763 0.359236455747
7.615230460921843 -0.600188772454 -0.850652414982 0.318425832627 0.0678762982775
7.81563126252505 -0.730306292595 -0.439604935367 0.296898595979 -0.289293081325
8.016032064128256 -0.775190199233 -0.0107791487378 0.201754548534 -0.6572028163
8.216432865731463 -0.737725292347 0.371909205425 0.0366034187922 -0.978739696634
8.41683366733467 -0.633024257594 0.651907610773 -0.184023559588 -1.20342249284
8.617234468937875 -0.486062913788 0.788596232363 -0.436798807148 -1.29507451991
8.817635270541082 -0.327821568125 0.763437277925 -0.693061036759 -1.23732877046
9.01803607214429 -0.190518431593 0.582771323286 -0.923090606349 -1.0361302001
9.218436873747494 -0.102658179517 0.276835984448 -1.10055002507 -0.718854941931
9.418837675350701 -0.0846489300647 -0.104844211682 -1.20641502195 -0.330179759431
9.619238476953909 -0.145652213741 -0.500995435961 -1.23180101822 0.074670224979
9.819639278557114 -0.282143719429 -0.847917522125 -1.17925711294 0.438272758328
10.02004008016032 -0.478404569842 -1.0891769154 -1.06233075804 0.709691183397
10.220440881763528 -0.708868656807 -1.18419875991 -0.903469774273 0.85217152872
10.420841683366733 -0.941970082479 -1.11445351132 -0.730580427099 0.848685683439
10.62124248496994 -1.14490697796 -0.886299587064 -0.572764254364 0.704480235705
10.821643286573146 -1.28859927757 -0.530050679141 -0.455880539407 0.446244661872
11.022044088176353 -1.35208829013 -0.0954085087792 -0.398607957194 0.118024905642
11.22244488977956 -1.32571026198 0.356045283364 -0.409603389443 -0.225496489888
11.422845691382765 -1.2125631871 0.760160345126 -0.486188401049 -0.527334876584
11.623246492985972 -1.02804353463 1.05991865003 -0.614763365069 -0.736887094263
11.823647294589179 -0.797523490439 1.21405308388 -0.77288602423 -0.817645791268
12.024048096192384 -0.552521541362 1.20327965761 -0.932698548764 -0.75277686131
12.224448897795591 -0.325944519851 1.03318829158 -1.06518541204 -0.547704789764
12.424849699398798 -0.147128540149 0.733367859075 -1.14461070796 -0.229325970751
12.625250501002004 -0.0374251427029 0.352886458517 -1.15246662093 0.158041654631
12.82565130260521 -0.00700562990147 -0.0471805530219 -1.08033043808 0.55935246698
13.026052104208416 -0.0533665146147 -0.403043670047 -0.931197691531 0.917157649049
13.226452905811623 -0.161763577522 -0.657901733323 -0.719087752252 1.18029605508
13.42685370741483 -0.307507422661 -0.770581693693 -0.466982014876 1.31163320003
13.627254509018035 -0.459772338038 -0.721805556848 -0.203406520606 1.2936751935
13.827655310621243 -0.586339771641 -0.517132151328 0.04182272642 1.13120478562
14.02805611222445 -0.658556339208 -0.186126965255 0.242046875671 0.850539451685
14.228456913827655 -0.655753016802 0.222112172597 0.377729116615 0.495525924987
14.428857715430862 -0.568455173202 0.646396595272 0.439336996974 0.12087738384
14.629258517034069 -0.39989528829 1.02272568492 0.428704981439 -0.216135001588
14.829659318637274 -0.165598333222 1.29399537745 0.358671208447 -0.464375539301
15.030060120240481 0.108897432502 1.41866265247 0.251044579995 -0.586602896074
15.230460921843687 0.391840034446 1.37705215531 0.13321035893 -0.565117859395
15.430861723446894 0.650006266581 1.17434759627 0.0338913171829 -0.404442685474
15.6312625250501 0.853669490475 0.839813551376 -0.0212930339241 -0.130625144787
15.831663326653306 0.981038434239 0.422366300135 -0.0137937153311 0.212726506398
16.03206412825651 1.02149466688 -0.0168344562856 0.0649759418659 0.571076014867
16.23246492985972 0.97713781996 -0.413649302266 0.212263573164 0.887252845014
16.432865731462925 0.862404486542 -0.710672476724 0.414325664152 1.11014829884
16.63326653306613 0.70181913488 -0.86592113424 0.648447750459 1.20249432499
16.83366733466934 0.526219026519 -0.8591819954 0.886330642319 1.14654434061
17.034068136272545 0.368025895028 -0.695053588542 1.09832973848 0.946794813808
17.23446893787575 0.256282578867 -0.402221052145 1.25790426195 0.62933299226
17.43486973947896 0.212207947961 -0.0290748891505 1.34560178171 0.237910548338
17.635270541082164 0.245944885011 0.363661593105 1.35197375447 -0.172661580243
17.83567134268537 0.35499503406 0.712177383674 1.27897995073 -0.544795290457
18.03607214428858 0.524578019601 0.959288195189 1.13966888558 -0.826827778975
18.236472945891784 0.729860639771 1.06314609679 0.956183038542 -0.98082430049
18.43687374749499 0.9397181977 1.00362253363 0.756391377389 -0.988297530189
18.637274549098198 1.12145747984 0.785395874029 0.569660043862 -0.852975909856
18.837675350701403 1.245783624 0.437273968351 0.422403938695 -0.600200508668
19.03807615230461 1.29125828215 0.00785566553343 0.334093144967 -0.27304345383
19.238476953907817 1.24757206684 -0.441811472055 0.314320450459 0.0742635492542
19.438877755511022 1.11713458628 -0.847462222728 0.361374765164 0.384592143137
19.639278557114228 0.914741173988 -1.15133589851 0.462536170586 0.606620165729
19.839679358717436 0.665365539894 -1.31091137535 0.596048544857 0.702650653154
20.04008016032064 0.400414264338 -1.30533241473 0.734468983204 0.654362707292
20.240480961923847 0.153009710073 -1.13854737306 0.84888669161 0.465620347758
20.440881763527056 -0.0469825064625 -0.838686248454 0.913370102668 0.161912179238
20.64128256513026 -0.177426662718 -0.453769624174 0.908966328472 -0.213493430708
20.841683366733466 -0.227213065021 -0.0444040171472 0.826646192053 -0.606091547001
21.04208416833667 -0.197878558796 0.325430648763 0.668748389668 -0.958392070116
21.24248496993988 -0.10330436655 0.598103627407 0.448701611266 -1.21862761532
21.442885771543086 0.0324624224935 0.731089978973 0.189066154788 -1.34859611577
21.64328657314629 0.178930458057 0.70343118838 -0.0818064834159 -1.32944710268
21.8436873747495 0.30386643162 0.518921399667 -0.333992370501 -1.16453554126
22.044088176352705 0.378261104999 0.205534885932 -0.54045015319 -0.878909464576
22.24448897795591 0.380807833275 -0.188817342836 -0.681039558 -0.515510117725
22.44488977955912 0.301212386895 -0.603562689544 -0.745493317257 -0.128656917385
22.645290581162325 0.141828621331 -0.974661616809 -0.73488983254 0.224186763328
22.84569138276553 -0.0826241818422 -1.24433388842 -0.661407868006 0.491124141237
23.04609218436874 -0.347223029711 -1.3698370886 -0.546398377328 0.633687194859
23.246492985971944 -0.620553807633 -1.3299657931 -0.417067287773 0.632658007917
23.44689378757515 -0.869411489156 -1.12828558322 -0.302273568985 0.490966500935
23.647294589178358 -1.06377598868 -0.792611726255 -0.228080095188 0.233225594382
23.847695390781563 -1.18130889522 -0.370809220801 -0.213733124406 -0.09802752958
24.04809619238477 -1.21068821923 0.0764482379502 -0.268681842346 -0.448813165948
24.248496993987978 -1.15327673966 0.48485691852 -0.391089619549 -0.761925723392
24.448897795591183 -1.0228726555 0.796214687103 -0.568061972516 -0.985645350135
24.649298597194388 -0.843575773065 0.96722423278 -0.777561434417 -1.08161802199
24.849699398797597 -0.646098370355 0.976032579659 -0.991714566197 -1.03070837722
25.050100200400802 -0.463078364487 0.825515583939 -1.18101173788 -0.835937630584
25.250501002004007 -0.32410664511 0.542810066949 -1.31876219995 -0.522061225588
25.450901803607213 -0.2512231074 0.175163070185 -1.3851287584 -0.131848473668
25.65130260521042 -0.255565602296 -0.217270841599 -1.37012933866 0.280370811455
25.851703406813627 -0.335679316629 -0.570589333514 -1.2751509659 0.656912200323
26.052104208416832 -0.477743288304 -0.82687164309 -1.11274628595 0.945452579489
26.25250501002004 -0.657680072914 -0.943000484414 -0.904743063853 1.1069334527
26.452905811623246 -0.844828660816 -0.897236963616 -0.678953134817 1.12145204432
26.65330661322645 -1.00662244406 -0.69254875274 -0.46498068082 0.991244920303
26.85370741482966 -1.11356182386 -0.356191544332 -0.289766011005 0.740316381551
27.054108216432866 -1.14372821922 0.064398498265 -0.173539381695 0.410763287946
27.25450901803607 -1.08615307716 0.508774979965 -0.126799543887 0.056357142647
27.45490981963928 -0.942530708895 0.912627628211 -0.148774800487 -0.265643579603
27.655310621242485 -0.727014620083 1.21751699074 -0.227599734184 -0.50320815853
27.85571142284569 -0.46412781047 1.37972031585 -0.342180358832 -0.617452659208
28.0561122244489 -0.18510392767 1.37684655557 -0.465463976904 -0.588561497192
28.256513026052104 0.076786802533 1.21121740413 -0.568617766139 -0.418813308178
28.45691382765531 0.291216995665 0.909500013356 -0.625480470329 -0.132250538027
28.65731462925852 0.43533188637 0.51864951498 -0.616611169497 0.228955181141
28.857715430861724 0.497144589718 0.0987751772172 -0.532321894794 0.610892189238
29.05811623246493 0.477279607257 -0.285986630254 -0.3742309701 0.956082522526
29.258517034068138 0.388802263224 -0.577207078453 -0.155102242942 1.21219943566
29.458917835671343 0.255160156637 -0.731031335022 0.103006375144 1.34000717502
29.65931863727455 0.10654920638 -0.724831069391 0.37200509095 1.31931789741
29.859719438877754 -0.0247436766753 -0.560631288917 0.621950737939 1.15205976238
30.060120240480963 -0.109313294606 -0.264795886156 0.825507553951 0.861994475401
30.260521042084168 -0.1251699163 0.115984370607 0.962014682906 0.491123449349
30.460921843687373 -0.0611453896273 0.521789758939 1.02054363399 0.09333030914
30.661322645290582 0.0813455090971 0.888579987408 1.00148257091 -0.273777206722
30.861723446893787 0.288457108231 1.15793041417 0.916406833883 -0.557587816671
31.062124248496993 0.53595469872 1.28591802486 0.786256739571 -0.71844613738
31.2625250501002 0.792837366836 1.24980921605 0.638099180505 -0.735643913045
31.462925851703407 1.02599208843 1.0515345859 0.500965237753 -0.610534282134
31.663326653306612 1.20517375585 0.71742281158 0.40139537484 -0.366296319119
31.86372745490982 1.3075555843 0.294234177339 0.35936876028 -0.0443861537986
32.06412825651302 1.32115967691 -0.157904827253 0.385234766504 0.301786795532
32.26452905811623 1.24664753513 -0.574593908398 0.478112459402 0.614998606245
32.46492985971944 1.09719908779 -0.896898803559 0.626001114062 0.842929304715
32.66533066132264 0.896498351683 -1.08026225199 0.807585520406 0.946139017454
32.86573146292585 0.675132261612 -1.10122999911 0.99546156858 0.90408748439
33.06613226452906 0.465948554285 -0.960977948972 1.16029327935 0.718289046001
33.26653306613226 0.299077056309 -0.685100663799 1.27527054689 0.412119749841
33.46693386773547 0.197370133935 -0.319694644017 1.32019083246 0.0273065419167
33.66733466933868 0.17295397961 0.0756683417078 1.28454543739 -0.382368378718
33.86773547094188 0.225413449867 0.437011345994 1.16914228984 -0.759192959378
34.06813627254509 0.341886480695 0.705690600799 0.986018089619 -1.05024900147
34.2685370741483 0.499052874244 0.837322711287 0.756653452805 -1.21540934943
34.4689378757515 0.666715638335 0.808546642975 0.508761358661 -1.23339601931
34.66933867735471 0.812431163263 0.620594247452 0.272135819712 -1.10498025413
34.86973947895792 0.906485245332 0.299127064713 0.0741903278118 -0.852838900506
35.07014028056112 0.926459519361 -0.109635920949 -0.0641374015338 -0.518089185223
35.27054108216433 0.860694838301 -0.545911936554 -0.13149335888 -0.154028089716
35.47094188376754 0.710125874501 -0.945408533882 -0.12775701821 0.181973629907
35.67134268537074 0.488207924346 -1.24906479629 -0.0639830540415 0.437192970294
35.87174348697395 0.218946461863 -1.4120011827 0.0393556134276 0.571567838965
36.07214428857716 -0.0666720653044 -1.41032037716 0.155556207383 0.563786120257
36.27254509018036 -0.335307166324 -1.24472709052 0.255821493756 0.414526472979
36.47294589178357 -0.556247361162 -0.940417812759 0.313713979498 0.14635924471
36.673346693386776 -0.705994288112 -0.543256867577 0.30925282034 -0.199677851816
36.87374749498998 -0.771751947369 -0.112819492548 0.232030318908 -0.570309273752
37.07414829659319 -0.75329308533 0.286642894168 0.0828752648169 -0.908111520488
37.274549098196395 -0.662919711507 0.595943174133 -0.126190250933 -1.1602346892
37.4749498997996 -0.523524492326 0.769929253682 -0.37369444859 -1.28643443687
37.675350701402806 -0.365047404589 0.784321473402 -0.631896227402 -1.2651933161
37.875751503006015 -0.219866216177 0.639381047251 -0.870919956031 -1.0970040872
38.07615230460922 -0.117820030215 0.359852501511 -1.06321847987 -0.80431621022
38.276553106212425 -0.0816226476986 -0.00881463826211 -1.18768663501 -0.428150231285
38.476953907815634 -0.123361207388 -0.407382215934 -1.23280245249 -0.0219018735554
38.677354709418836 -0.242612160908 -0.771838113199 -1.19831956053 0.356733068374
38.877755511022045 -0.426460504716 -1.04313615893 -1.09525470787 0.654483463152
39.078156312625254 -0.651420275563 -1.17618408197 -0.944172157152 0.830554383833
39.278557114228455 -0.886964906656 -1.14671547024 -0.772025862207 0.862783964346
39.478957915831664 -1.10013181404 -0.955002463516 -0.608039048989 0.750971317312
39.67935871743487 -1.2605028701 -0.625846337128 -0.479246530527 0.516871473877
39.879759519038075 -1.34480526959 -0.204847029987 -0.406376269615 0.200858263118
40.08016032064128 -1.34043499386 0.248483154169 -0.400695038426 -0.144238743587
40.28056112224449 -1.24736782588 0.66971670499 -0.462297293023 -0.461187502204
40.480961923847694 -1.07816822488 0.999253797852 -0.580096674414 -0.697074563472
40.6813627254509 -0.856094749247 1.1913330262 -0.733521314517 -0.811370539654
40.88176352705411 -0.611588710643 1.22094355624 -0.89565623765 -0.782116396851
41.08216432865731 -0.377680533955 1.08758712662 -1.03735426084 -0.609288932008
41.28256513026052 -0.185008297564 0.815324945415 -1.13169352448 -0.314839560111
41.482965931863724 -0.0572056604356 0.449097301914 -1.15810361466 0.0606044729947
41.68336673346693 -0.00735830113342 0.0478768572313 -1.10553425413 0.463874096973
41.88376753507014 -0.0360661111894 -0.324305367096 -0.97418550581 0.83729719907
42.08416833667334 -0.131404974649 -0.608099858239 -0.775536406873 1.1274230148
42.28456913827655 -0.270793527932 -0.757866006293 -0.530667245285 1.29310829032
42.48496993987976 -0.424481143098 -0.748616863136 -0.26712962373 1.31173824737
42.68537074148296 -0.560127324402 -0.579827990971 -0.0148387947865 1.18263914811
42.88577154308617 -0.647777636737 -0.275531609662 0.198389427724 0.927164150278
43.08617234468938 -0.664479712154 0.119318657964 0.350979736765 0.585439276621
43.28657314629258 -0.597839246614 0.545658741787 0.430789407554 0.210265317401
43.48697394789579 -0.447975481568 0.939270311188 0.436867309868 -0.140901576136
43.687374749499 -0.227578820852 1.24052176653 0.379513526433 -0.414672377406
43.8877755511022 0.0399384784137 1.40341487624 0.278631402325 -0.569826194371
44.08817635270541 0.323918701159 1.40256755668 0.160622555226 -0.583563441534
44.28857715430862 0.591035279348 1.23706988608 0.0542965929545 -0.454959358485
44.48897795591182 0.81027560768 0.930630139657 -0.0135830598237 -0.205095615294
44.68937875751503 0.957574624597 0.527987995685 -0.0224407987465 0.126150463421
44.88977955911824 1.01939656068 0.0881391317355 0.0389111638527 0.486171726809
45.09018036072144 0.994721887802 -0.324600447908 0.170500603147 0.817631230086
45.29058116232465 0.895138719558 -0.65033532242 0.361120148194 1.0671830799
45.49098196392786 0.743024919835 -0.842658188211 0.589961466237 1.19359003787
45.69138276553106 0.568097460876 -0.875668691544 0.829711079865 1.17400632278
45.89178356713427 0.402852913353 -0.747878604512 1.0506386463 1.00747198322
46.09218436873748 0.277591307905 -0.482410879297 1.22505777167 0.715088319818
46.29258517034068 0.215778984482 -0.123462771781 1.3314826844 0.336847685247
46.49298597194389 0.230453948336 0.270430324416 1.35785074883 -0.074401763777
46.6933867735471 0.322219882355 0.635307695808 1.30332172542 -0.460940586846
46.8937875751503 0.479133049589 0.911520012913 1.17838131998 -0.768900452563
47.09418837675351 0.678499440795 1.05281303604 1.00323346382 -0.956401857561
47.294589178356716 0.890310217361 1.03337964002 0.804724838177 -0.99987256236
47.49498997995992 1.08179285755 0.851807274113 0.612269607015 -0.89758597129
47.69539078156313 1.22238889712 0.531326621119 0.45339144033 -0.669887303442
47.895791583166336 1.28840230351 0.116319298495 0.349559779583 -0.356069777051
48.09619238476954 1.26661283997 -0.334384543035 0.312952244512 -0.00837615161887
48.296593186372746 1.15630633961 -0.756401396522 0.344633990471 0.315963401947
48.496993987975955 0.969413672878 -1.08953325198 0.434430037669 0.563449036426
48.69739478957916 0.728736843854 -1.28687293866 0.562509907312 0.692461801163
48.897795591182366 0.464531153094 -1.32189402161 0.702443765731 0.679609580723
49.098196392785574 0.209961913037 -1.19244990436 0.825265816129 0.523305468538
49.298597194388776 -0.00387547928693 -0.921075535263 0.903928165166 0.24403539568
49.498997995991985 -0.152616725745 -0.5515460199 0.917468772804 -0.11872588711
49.699398797595194 -0.222264251201 -0.142214641161 0.854260591904 -0.512482566706
49.899799599198396 -0.211246170065 0.242858754784 0.713848449251 -0.879663955234
50.100200400801604 -0.130586495637 0.543643104981 0.507094241125 -1.16634386582
50.300601202404806 -0.00216147935596 0.713256290243 0.254608010159 -1.3304088223
50.501002004008015 0.144692802694 0.725089249468 -0.0162976323072 -1.34793856004
50.701402805611224 0.277706596797 0.576849703854 -0.275668490025 -1.21682780181
50.901803607214426 0.366648692001 0.290913972044 -0.495369325809 -0.95710170006
51.102204408817634 0.387989781119 -0.0890676365179 -0.653267877414 -0.607876127784
51.30260521042084 0.328548952259 -0.504795912871 -0.736508275123 -0.221424828557
51.503006012024045 0.187569164482 -0.892173932404 -0.743377572743 0.14474715928
51.703406813627254 -0.0230937606194 -1.19104103222 -0.683482835937 0.436620902586
51.90380761523046 -0.280698194318 -1.3543112413 -0.576212255263 0.611847966512
52.104208416833664 -0.554996994189 -1.35513136473 -0.447715566258 0.64616173214
52.30460921843687 -0.812760025476 -1.19097143393 -0.326861319667 0.537041983384
52.50501002004008 -1.02275326143 -0.884026973843 -0.24078493322 0.304077060914
52.705410821643284 -1.16041809189 -0.47787125821 -0.210704788796 -0.0140317980791
52.90581162324649 -1.21154232182 -0.0308659950567 -0.248640791257 -0.365368650866
53.1062124248497 -1.17436565633 0.392668037112 -0.355534309073 -0.692706747369
53.3066132264529 -1.05980173226 0.732185490664 -0.521054165215 -0.942222768249
53.50701402805611 -0.889742933538 0.940072839015 -0.725118874358 -1.07169320534
53.70741482965932 -0.693702729576 0.988848533466 -0.940906984754 -1.05693882238
53.90781563126252 -0.504310483766 0.875296705576 -1.13889436455 -0.895523044596
54.10821643286573 -0.35233794794 0.62092746059 -1.29131019376 -0.607160780478
54.30861723446894 -0.262014579606 0.268678048537 -1.37633363781 -0.230760949741
54.50901803607214 -0.247342070986 -0.123634419799 -1.38139505341 0.181439965017
54.70941883767535 -0.309967906418 -0.492119756319 -1.30508041402 0.571767726078
54.90981963927856 -0.438940037755 -0.77654152811 -1.15735052851 0.885824029843
55.11022044088176 -0.612379148085 -0.92948983366 -0.958042398192 1.08070401877
55.31062124248497 -0.800816098848 -0.923607473777 -0.733878744313 1.13147058946
55.51102204408818 -0.971687694275 -0.755773661794 -0.514439608984 1.03490415425
55.71142284569138 -1.09430789263 -0.447605435277 -0.327707545379 0.809954868651
55.91182364729459 -1.14455962488 -0.0422091014005 -0.195862365913 0.494836705331
56.1122244488978 -1.10859625449 0.402333941383 -0.131962132758 0.141197070181
56.312625250501 -0.984989806449 0.821753689001 -0.138014465568 -0.193748566436
56.51302605210421 -0.784999994387 1.15531984398 -0.204730104765 -0.455925624929
56.71342685370742 -0.530922452873 1.35503480504 -0.312996017988 -0.602630219686
56.91382765531062 -0.252766740511 1.39289670148 -0.436843718817 -0.609030961932
57.11422845691383 0.0162322857196 1.26513093076 -0.547461882515 -0.471956369605
57.31462925851704 0.244590087033 0.99274779693 -0.617644708494 -0.210392639395
57.51503006012024 0.407277750323 0.618342185581 -0.625997937123 0.137383484759
57.71543086172345 0.489447913732 0.199621071265 -0.560267616717 0.519601716341
57.91583166332666 0.488612490357 -0.199360123283 -0.419282312466 0.878846612764
58.11623246492986 0.414944698985 -0.517920386135 -0.213215555372 1.16076462143
58.31663326653307 0.289659175605 -0.707961727401 0.0378728028001 1.32231032235
58.517034068136276 0.141717130791 -0.741267016348 0.306995114985 1.33828130478
58.71743486973948 0.00335567914098 -0.61377461275 0.564247325826 1.20514551855
58.91783567134269 -0.0948773943588 -0.346188955825 0.78126310056 0.941587247611
59.11823647294589 -0.12883146322 0.0191723233282 0.935437263657 0.585682670247
59.3186372745491 -0.0844876516077 0.424812171595 1.01327747573 0.189137168063
59.519038076152306 0.0398463898004 0.806794160941 1.01237673162 -0.190542866336
59.71943887775551 0.233216304973 1.10446245012 0.941706835954 -0.498755978946
59.91983967935872 0.473623048204 1.26966553326 0.820190182439 -0.692067503279
60.120240480961925 0.731305082925 1.27408517949 0.673766505136 -0.744774877421
60.32064128256513 0.97320354097 1.11355907196 0.531399810076 -0.652781091994
60.521042084168336 1.16793281003 0.808736817213 0.42063216276 -0.434184937959
60.721442885771545 1.29050217899 0.401976481285 0.363359819177 -0.126504892886
60.921843687374746 1.32607338487 -0.0490538223746 0.372472075534 0.219047403383
61.122244488977955 1.27218367308 -0.48009533797 0.449863580883 0.545371950049
61.322645290581164 1.13909720524 -0.830017472399 0.586122014767 0.798180027731
61.523046092184366 0.948231824366 -1.05006084531 0.761938563879 0.934267735256
61.723446893787575 0.728900110742 -1.11120331904 0.951027224817 0.92810864163
61.92384769539078 0.513858760248 -1.00853150824 1.12411052992 0.775764880163
62.124248496993985 0.33434160259 -0.761953301065 1.25336696048 0.495521693333
62.324649298597194 0.215331135919 -0.413140908126 1.31666407289 0.125146518939
62.5250501002004 0.171785519974 -0.0191777243134 1.30093534056 -0.283803538771
62.725450901803605 0.206391980088 0.356133728539 1.20418944694 -0.67376861239
62.92585170340681 0.309188719317 0.651984839962 1.03584570781 -0.989887136154
63.12625250501002 0.459112117842 0.819816744033 0.815344802252 -1.18828736124
63.326653306613224 0.627234596219 0.830716935195 0.569244941508 -1.24271382385
63.52705410821643 0.781200760922 0.679831791609 0.327244427019 -1.14848144019
63.72745490981964 0.89018883702 0.387127328327 0.11773328908 -0.92315931521
63.92785571142284 0.929643881568 -0.00561812577586 -0.0364512020116 -0.603880095865
64.12825651302605 0.88506451992 -0.441133090167 -0.12142192124 -0.241683402311
64.32865731462925 0.754267946854 -0.855325275386 -0.134276989469 0.106248219115
64.52905811623246 0.54778909531 -1.18699201097 -0.0834644052718 0.38528319338
64.72945891783567 0.287352630773 -1.38709434907 0.0125787770505 0.551644372216
64.92985971943888 0.00264942703603 -1.42618819552 0.12830533681 0.579062431857
65.13026052104209 -0.273094135383 -1.29888530955 0.235017602154 0.4627698724
65.33066132264528 -0.508082149909 -1.02466660237 0.305306379397 0.220228874061
65.53106212424849 -0.67669762235 -0.644925100625 0.317295020579 -0.111516802731
65.7314629258517 -0.763313596434 -0.216686785223 0.258044149951 -0.481464508734
65.93186372745491 -0.764588386931 0.196038298334 0.125599003982 -0.832397138133
66.13226452905812 -0.689898607301 0.531961068086 -0.0706306706239 -1.10957301087
66.33266533066133 -0.559843873937 0.741802665264 -0.31121730928 -1.26904314934
66.53306613226452 -0.403050398006 0.795759654329 -0.569585290501 -1.28433485677
66.73346693386773 -0.251760460187 0.688010785033 -0.815967613937 -1.15048579853
66.93386773547094 -0.136875471357 0.437582672559 -1.02185152747 -0.884817301718
67.13426853707415 -0.0832067576116 0.0854418226492 -1.16423773504 -0.524328171847
67.33466933867736 -0.105655437177 -0.311745174044 -1.22906716653 -0.120104687668
67.53507014028057 -0.206899642617 -0.690232126105 -1.21329745091 0.270401469474
67.73547094188376 -0.376942166795 -0.988893571401 -1.12531287572 0.592062462572
67.93587174348697 -0.59458661674 -1.1585275436 -0.983606828463 0.800407709691
68.13627254509018 -0.830618646557 -1.16935086674 -0.813936763252 0.868338890933
68.33667334669339 -1.0522103954 -1.01554943571 -0.645383173189 0.790207881512
68.5370741482966 -1.22787874212 -0.716191344241 -0.505911969448 0.582637789896
68.7374749498998 -1.33224630916 -0.312365846319 -0.418112814905 0.281964382344
68.937875751503 -1.34988206615 0.139018078732 -0.395760965423 -0.061313699575
69.13827655310621 -1.27764002667 0.573833587479 -0.441723338661 -0.390234230203
69.33867735470942 -1.12514023603 0.930433631074 -0.547527421662 -0.650051957005
69.53907815631263 -0.913319238314 1.15897209627 -0.694658221707 -0.796582021202
69.73947895791584 -0.671269578258 1.22893551261 -0.857386660733 -0.802941029655
69.93987975951904 -0.431849040979 1.13374010804 -1.00669896689 -0.663660284098
70.14028056112224 -0.226723971416 0.891701558018 -1.11473217658 -0.39555093425
70.34068136272545 -0.0815997308106 0.54322601157 -1.15904142274 -0.0351854888079
70.54108216432866 -0.0123613747793 0.144651109455 -1.12605152965 0.366620386075
70.74148296593187 -0.0227098051726 -0.240328769726 -1.01316886566 0.752489168731
70.94188376753507 -0.103651836345 -0.550351699703 -0.82923251459 1.06716054273
71.14228456913828 -0.234921101307 -0.7357213816 -0.593235921977 1.26585143666
71.34268537074148 -0.388113717353 -0.765968026988 -0.331512557244 1.32102877701
71.54308617234469 -0.531062577341 -0.634489638327 -0.0738120087175 1.22656754396
71.7434869739479 -0.632785989414 -0.359568970848 0.151138589618 0.998663056609
71.9438877755511 -0.668259229011 0.0183881454063 0.319914849079 0.673359283732
72.14428857715431 -0.622284322348 0.44297369336 0.417868140995 0.301068761209
72.34468937875752 -0.49187069638 0.850329603649 0.441265303039 -0.0610849194406
72.54509018036072 -0.286764503696 1.17883304883 0.397770641992 -0.357939645416
72.74549098196393 -0.0280459827152 1.3784455034 0.305197961066 -0.544666530296
72.94589178356713 0.25499308867 1.41830690648 0.188722444514 -0.59357049137
73.14629258517034 0.529218479275 1.29142257922 0.0769762289146 -0.498287750578
73.34669338677355 0.762606630146 1.01573163351 -0.00237914343765 -0.274743333209
73.54709418837675 0.929031205719 0.631395100724 -0.0269312890318 0.0412763043252
73.74749498997996 1.01215695336 0.194714614034 0.0170035997336 0.399567632305
73.94789579158316 1.00785073541 -0.230395276098 0.132228883296 0.743144801846
74.14829659318637 0.924744404699 -0.582087587583 0.310170240152 1.01690644498
74.34869739478958 0.782864417673 -0.809947153396 0.532109227526 1.17601903859
74.54909819639279 0.610536885772 -0.882617721815 0.771960701609 1.19274445379
74.74949899799599 0.440038150154 -0.792536504084 1.00017310044 1.06067706538
74.9498997995992 0.302650354711 -0.557055367365 1.1881610009 0.79574497675
75.1503006012024 0.223873672227 -0.215778162517 1.31259682039 0.433822692613
75.35070140280561 0.219522284061 0.17547695923 1.35891052692 0.0253213829879
75.55110220440882 0.293295235225 0.553176942492 1.32346799047 -0.372425397806
75.75150300601203 0.43619205066 0.855746504584 1.21409672697 -0.703826746743
75.95190380761522 0.627861711521 1.03294358119 1.0488796781 -0.923433362623
76.15230460921843 0.839680942289 1.05351633063 0.853399735189 -1.00279771989
76.35270541082164 1.03909342787 0.909976832895 0.656854425302 -0.934752326769
76.55310621242485 1.19455319971 0.619771737318 0.487628872871 -0.734461522693
76.75350701402806 1.280321082 0.222667437705 0.368999642827 -0.43708343393
76.95390781563127 1.28038654311 -0.225251667259 0.315621073487 -0.0923989615713
77.15430861723446 1.19091983461 -0.660061530719 0.331327028569 0.242777070497
77.35470941883767 1.02088207083 -1.01966745615 0.40858151585 0.513251067547
77.55511022044088 0.79070048971 -1.25319670037 0.529661259844 0.673858437551
77.75551102204409 0.529209607335 -1.32868956468 0.669390522724 0.696347846455
77.9559118236473 0.269322390795 -1.23792292323 0.799012591608 0.573697801892
78.15631262525051 0.0430871969575 -0.997633241752 0.890610760377 0.321209247367
78.3567134268537 -0.123119162011 -0.646954460146 0.921406913883 -0.0257911431322
78.55711422845691 -0.212533272463 -0.241459559825 0.877284995702 -0.417288770324
78.75751503006012 -0.220484563713 0.155289387488 0.755004511766 -0.796149770955
78.95791583166333 -0.155036717338 0.481401668246 0.562767755911 -1.10677339152
79.15831663326654 -0.0356937066368 0.686061844824 0.319053650225 -1.30351436737
79.35871743486975 0.109632295349 0.737250359322 0.0498948797592 -1.35759764078
79.55911823647294 0.248930565172 0.626609358186 -0.214989185119 -1.26147638576
79.75951903807615 0.351024518481 0.370715392119 -0.446617611783 -1.02997215998
79.95991983967936 0.390378526478 0.00856583075446 -0.621060376193 -0.698024208778
80.16032064128257 0.351048831666 -0.404339825419 -0.722984394996 -0.31538926123
80.36072144288578 0.229178402225 -0.804425484339 -0.747895625701 0.0609038139958
80.56112224448898 0.0336565549164 -1.12969209127 -0.702737634833 0.375199384044
80.76152304609218 -0.215156590101 -1.3291353228 -0.604757083069 0.581649447683
80.96192384769539 -0.488449520912 -1.37049645407 -0.478807375446 0.651155708571
81.1623246492986 -0.753262647099 -1.24517370697 -0.353502309843 0.57576919262
81.3627254509018 -0.977425388626 -0.969544410345 -0.256801843768 0.36987608414
81.56312625250501 -1.13437698753 -0.582500157102 -0.211701585515 0.0679926266383
81.76352705410822 -1.20714018026 -0.139566995835 -0.232680433232 -0.28049777521
81.96392785571142 -1.19084452646 0.295495643045 -0.323446474054 -0.618864979652
82.16432865731463 -1.093419657 0.660341704233 -0.476321149297 -0.891667818793
82.36472945891784 -0.934350599951 0.903472324674 -0.673358217135 -1.05319894909
82.56513026052104 -0.741685384035 0.992021005413 -0.889027160043 -1.07445321802
82.76553106212425 -0.547749140118 0.916710030986 -1.09405426268 -0.947562807751
82.96593186372745 -0.38421585371 0.693226095441 -1.25983824181 -0.687025742432
83.16633266533066 -0.277284966583 0.359808696067 -1.36277130851 -0.327542922651
83.36673346693387 -0.243695943499 -0.0285870936898 -1.38780915733 0.0812124713111
83.56713426853707 -0.288184160628 -0.408661022135 -1.33074958122 0.482094009605
83.76753507014028 -0.402765598325 -0.718404804777 -1.19887272496 0.819115392214
83.96793587174349 -0.567957068236 -0.906545872853 -1.00984740524 1.04591062221
84.16833667334669 -0.755748054469 -0.940359210577 -0.78906820217 1.13273278241
84.3687374749499 -0.933874984868 -0.810662800614 -0.565825568664 1.07093071316
84.5691382765531 -1.07074354748 -0.533243734986 -0.368894967467 0.874229319019
84.76953907815631 -1.14025816485 -0.146491260269 -0.222208505672 0.576613133181
84.96993987975952 -1.12582178567 0.294399782257 -0.141268922457 0.227138587699
85.17034068136273 -1.02290038604 0.725777715304 -0.13084827176 -0.117539332974
85.37074148296593 -0.839761866615 1.08516771596 -0.184320854923 -0.401791263792
85.57114228456913 -0.596277206879 1.32072900388 -0.28473086241 -0.579479790778
85.77154308617234 -0.320965454781 1.399100369 -0.407432169541 -0.620982804826
85.97194388777555 -0.0467301383138 1.31044460603 -0.523899529583 -0.517708780459
86.17234468937876 0.19406654376 1.0699251263 -0.606132415341 -0.283417402988
86.37274549098197 0.374442981403 0.715392174181 -0.630981054059 0.0478537528865
86.57314629258516 0.476820736631 0.301629612179 -0.583740898001 0.426942201305
86.77354709418837 0.495617275547 -0.107965465799 -0.460466502872 0.797012080797
86.97394789579158 0.438017572945 -0.451007020543 -0.268654493556 1.1021730056
87.17434869739479 0.322807849036 -0.675588067346 -0.0261911390322 1.29595866162
87.374749498998 0.177448518592 -0.748156440696 0.241276830526 1.34837928165
87.57515030060121 0.0338321361469 -0.658600433812 0.504148912716 1.25047531409
87.7755511022044 -0.0766306407924 -0.421777535861 0.733279153926 1.01568565418
87.97595190380761 -0.127850168575 -0.0752501049204 0.904317206319 0.67781896529
88.17635270541082 -0.103087286368 0.326426659501 1.00132412801 0.285937364113
88.37675350701403 0.00243864625457 0.71999755477 1.01911502951 -0.103071237556
88.57715430861724 0.180759617206 1.04312324274 0.963973477149 -0.433105804011
88.77755511022045 0.412307084176 1.24385900572 0.852629831263 -0.657342318368
88.97795591182364 0.668824152454 1.28855926388 0.709659462092 -0.745314461929
89.17835671342685 0.917601267681 1.16700676759 0.563695292806 -0.687509263494
89.37875751503006 1.12639255994 0.893990199056 0.443030299866 -0.496782568295
89.57915831663327 1.26826691072 0.507083893395 0.371277896248 -0.206373758294
89.77955911823648 1.32565791586 0.0609800311257 0.363749084128 0.135166565614
89.97995991983969 1.29299953461 -0.380781677074 0.425095463463 0.471379262928
90.18036072144288 1.17754692081 -0.755423230188 0.548576717158 0.746498205434
90.38076152304609 0.998258164154 -1.01042220383 0.717063836237 0.913948432182
90.5811623246493 0.782906603874 -1.11144854013 0.905626141921 0.943449915767
90.78156312625251 0.563862290498 -1.04754038333 1.08530935993 0.825648917996
90.98196392785572 0.373182657838 -0.832734299974 1.22753158058 0.57357431299
91.18236472945891 0.237757109268 -0.503902558766 1.30843023872 0.220697429623
91.38276553106212 0.175242458858 -0.115125873731 1.31250020497 -0.184110481138
91.58316633266533 0.19140560533 0.270544663848 1.23497104641 -0.583958633775
91.78356713426854 0.279276781853 0.590685122011 1.08256228858 -0.92253437238
91.98396793587175 0.420241360658 0.79300061599 0.872502098924 -1.15261505799
92.18436873747495 0.586904369721 0.843288237968 0.629957927855 -1.24320170025
92.38476953907815 0.747292683683 0.730654527807 0.384268707798 -1.18419391298
92.58517034068136 0.869757885354 0.469191639065 0.164549070229 -0.987893508182
92.78557114228457 0.927833311324 0.0958626091112 -0.00466591357005 -0.687113204784
92.98597194388778 0.904310022216 -0.335086927247 -0.107077014217 -0.3301746048
93.18637274549098 0.793911554021 -0.760341206181 -0.137022773478 0.0264439813609
93.3867735470942 0.604161907747 -1.11710634573 -0.100263874581 0.326695324958
93.58717434869739 0.354313743456 -1.35262518735 -0.0130307704069 0.523482240354
93.7875751503006 0.0724994016923 -1.43217209224 0.100519860923 0.58581566142
93.9879759519038 -0.20846364764 -1.34431441662 0.212053401824 0.503525376849
94.18837675350701 -0.455976957616 -1.10264246243 0.293440882179 0.288808654914
94.38877755511022 -0.642531523114 -0.743705318933 0.321112286378 -0.0256183775597
94.58917835671343 -0.749805579324 -0.321465890571 0.279717983061 -0.391486050799
94.78957915831663 -0.77136896637 0.100883439702 0.164542412434 -0.752299661668
94.98997995991984 -0.71358414267 0.460502678323 -0.01769698095 -1.05191914321
95.19038076152304 -0.594567631619 0.704430313562 -0.249787488195 -1.24308849193
95.39078156312625 -0.441370283188 0.797606245746 -0.506553662529 -1.29461885426
95.59118236472946 -0.28580447222 0.728178067093 -0.758601200834 -1.19613862712
95.79158316633267 -0.159551980457 0.509281687079 -0.976704617368 -0.959686137419
95.99198396793587 -0.0892954535882 0.177028497712 -1.13617341311 -0.617905099712
96.19238476953907 -0.0926125655502 -0.214995960963 -1.22053481319 -0.219115953786
96.39278557114228 -0.175256332077 -0.603887178177 -1.22397474661 0.179989481318
96.59318637274549 -0.330234789053 -0.926992434525 -1.15216699968 0.522921181929
96.7935871743487 -0.538829778966 -1.13144500458 -1.02136536779 0.761931535675
96.99398797595191 -0.773400939103 -1.18221558544 -0.855896591789 0.86522831991
97.1943887775551 -1.00154926785 -1.06745739605 -0.684435187313 0.821764349731
97.39478957915831 -1.19100901051 -0.800335315415 -0.535625422269 0.642878761875
97.59519038076152 -1.31452571072 -0.41706052075 -0.433715007203 0.360540483069
97.79559118236473 -1.35398038657 0.0285713337567 -0.39486317618 0.022460746541
97.99599198396794 -1.30313408759 0.473310029706 -0.424683490469 -0.315183582565
98.19639278557115 -1.16857640163 0.854014194062 -0.517394266761 -0.596310344245
98.39679358717434 -0.968734414707 1.1171999279 -0.656705130352 -0.773479205694
98.59719438877755 -0.731091556735 1.22712392115 -0.818305885667 -0.815126491917
98.79759519038076 -0.488038710642 1.17117518879 -0.97357948577 -0.710390013451
98.99799599198397 -0.271987335207 0.961757293345 -1.09397518899 -0.470791292904
99.19839679358718 -0.110485181601 0.634376521173 -1.15537875033 -0.128520421707
99.39879759519039 -0.0220765923335 0.242226621724 -1.14181523859 0.268416194116
99.59919839679358 -0.0135331634306 -0.151909646583 -1.04792413677 0.663450664626
99.79959919839679 -0.0788769032627 -0.485211796028 -0.879828749825 1.00000923143
100.0 -0.200342444692 -0.704376628415 -0.654268721723 1.23007101978
