94672 YPAD Adelaide Airport Observations at 12Z 22 Dec 2017

-----------------------------------------------------------------------------
   PRES   HGHT   TEMP   DWPT   RELH   MIXR   DRCT   SKNT   THTA   THTE   THTV
    hPa     m      C      C      %    g/kg    deg   knot     K      K      K 
-----------------------------------------------------------------------------
 1012.0      4   22.2   10.2     46   7.77    215      5  294.4  317.0  295.7
 1007.0     45   23.6    6.6     33   6.10    205      6  296.2  314.3  297.2
 1000.0    103   23.0    5.0     31   5.50    190      8  296.1  312.6  297.1
  991.0    181   22.3    4.7     32   5.43    190     10  296.2  312.5  297.2
  976.0    314   21.2    4.2     33   5.32    195     15  296.4  312.3  297.4
  975.0    323   21.2    3.7     32   5.15    195     15  296.5  311.9  297.4
  960.0    457   21.4   -3.6     18   3.07    204     12  298.0  307.5  298.6
  926.0    768   19.2    4.2     37   5.61    224      5  298.8  315.8  299.9
  925.0    777   19.2    4.2     37   5.62    225      5  298.9  315.9  299.9
  923.0    796   19.2    3.5     35   5.35    235      5  299.1  315.3  300.1
  907.0    946   18.9   -2.5     23   3.54    265     11  300.4  311.3  301.0
  897.0   1041   18.8   -6.2     18   2.69    268     13  301.2  309.7  301.6
  851.0   1490   16.2   -1.8     29   3.96    280     23  303.0  315.3  303.7
  850.0   1500   16.2   -1.8     29   3.96    280     23  303.1  315.5  303.8
  832.0   1681   15.5   -5.0     24   3.17    290     25  304.2  314.3  304.8
  829.0   1712   15.4   -5.6     23   3.05    289     26  304.4  314.1  305.0
  784.0   2178   12.3  -19.6      9   1.04    280     35  306.0  309.6  306.2
  733.0   2740    8.6  -36.4      2   0.23    290     26  307.9  308.8  307.9
  710.0   3002    7.1  -27.5      6   0.56    295     21  309.0  311.1  309.1
  700.0   3119    6.4  -23.6     10   0.82    290     24  309.5  312.4  309.7
  687.0   3271    5.4  -24.6      9   0.77    275     25  310.1  312.8  310.3
  650.0   3719    2.6  -27.4      9   0.62    285     26  311.8  314.1  311.9
  620.0   4102    0.1  -29.9      8   0.52    265     35  313.3  315.1  313.4
  615.0   4168   -0.3  -30.3      8   0.50    266     35  313.5  315.4  313.6
  564.0   4853   -5.9  -34.9      8   0.35    275     38  314.8  316.1  314.8
  549.0   5064   -5.9  -26.9     17   0.77    277     39  317.2  320.0  317.3
  534.0   5279   -7.4  -25.2     23   0.93    280     40  317.9  321.2  318.1
  500.0   5790  -11.1  -21.1     44   1.43    265     44  319.4  324.5  319.7
  495.0   5867  -11.3  -21.3     43   1.42    263     46  320.1  325.1  320.4
  487.0   5990  -12.4  -21.7     46   1.39    260     48  320.3  325.2  320.5
  472.0   6228  -14.5  -22.5     51   1.34    262     47  320.5  325.3  320.8
  444.0   6686  -18.3  -32.3     28   0.58    266     44  321.4  323.5  321.5
  422.0   7059  -21.8  -31.1     43   0.68    270     42  321.6  324.1  321.7
  412.0   7236  -23.5  -30.5     53   0.74    266     44  321.6  324.3  321.8
  400.0   7450  -24.9  -34.9     39   0.50    260     47  322.5  324.4  322.6
  388.0   7672  -25.5  -47.5     11   0.14    261     48  324.6  325.1  324.6
  360.0   8212  -29.3  -53.3      8   0.07    265     49  326.5  326.8  326.5
  359.0   8232  -29.5  -53.1      8   0.08    265     49  326.6  326.9  326.6
  333.0   8765  -33.7  -46.7     26   0.17    261     57  327.8  328.5  327.9
  323.0   8978  -35.3  -56.3     10   0.06    259     60  328.5  328.8  328.5
  306.0   9354  -38.1  -46.1     43   0.20    256     66  329.7  330.5  329.7
  300.0   9490  -38.9  -47.9     38   0.17    255     68  330.4  331.1  330.5
  296.0   9582  -39.5  -53.5     21   0.09    255     69  330.9  331.2  330.9
  284.0   9865  -41.7  -45.8     64   0.22    254     73  331.6  332.5  331.7
  250.0  10720  -47.5  -49.8     77   0.16    250     86  335.3  336.0  335.4
  247.0  10800  -48.3  -49.9     83   0.16    250     88  335.3  336.0  335.3
  222.0  11493  -53.7  -56.9     68   0.08    246    102  337.4  337.7  337.4
  214.0  11728  -54.4  -62.7     35   0.04    245    107  339.8  340.0  339.8
  204.0  12034  -55.3  -70.3     14   0.01    245    105  343.1  343.2  343.1
  200.0  12160  -55.5  -72.5     10   0.01    245    104  344.7  344.8  344.7
  191.0  12453  -56.5  -74.5      9   0.01    245     96  347.7  347.7  347.7
  182.0  12760  -55.4  -76.6      5   0.01    250     85  354.4  354.4  354.4
  180.0  12831  -55.1  -77.1      5   0.01    251     87  355.9  355.9  355.9
  172.0  13120  -55.4  -79.9      3   0.00    255     96  360.0  360.0  360.0
  161.0  13542  -55.9  -83.9      2   0.00    245     85  366.1  366.1  366.1
  153.0  13865  -57.5  -86.2      1   0.00    255     70  368.8  368.8  368.8
  150.0  13990  -58.1  -87.1      1   0.00    260     70  369.8  369.8  369.8
  139.0  14466  -59.9  -89.9      1   0.00    270     70  374.8  374.8  374.8
  128.0  14967  -62.1  -90.1      1   0.00    280     69  379.6  379.6  379.6
  123.0  15210  -63.2  -90.2      1   0.00    270     74  382.0  382.0  382.0
  114.0  15672  -65.3  -90.4      2   0.00    260     50  386.5  386.5  386.5
  100.0  16470  -68.9  -90.8      3   0.00    270     30  394.4  394.4  394.4
   94.0  16839  -70.8  -91.0      4   0.00    295     36  397.7  397.7  397.7
   91.1  17026  -71.7  -91.0      4   0.00    295     43  399.4  399.4  399.4
   89.0  17166  -71.1  -91.1      4   0.00    285     46  403.2  403.2  403.2
   87.0  17303  -70.6  -91.2      3   0.00    275     41  407.0  407.0  407.0
   80.0  17807  -68.5  -91.4      2   0.00    300     31  421.0  421.1  421.0
   76.0  18115  -67.3  -91.5      2   0.00    265     25  429.9  429.9  429.9
   72.0  18441  -66.0  -91.7      2   0.00    310      5  439.3  439.3  439.3
   70.0  18610  -65.3  -91.8      1   0.00    315     10  444.4  444.4  444.4
   69.0  18697  -64.8  -91.8      1   0.00    300     12  447.2  447.3  447.2
   68.8  18715  -64.7  -91.8      1   0.00    304     12  447.8  447.9  447.8
   67.0  18876  -65.1  -91.9      1   0.00    345     14  450.5  450.5  450.5
   64.0  19153  -65.7  -92.0      1   0.00    320     19  455.0  455.0  455.0
   62.1  19336  -66.1  -92.1      2   0.00    287     23  458.0  458.1  458.0
   62.0  19346  -66.0  -92.1      2   0.00    285     23  458.6  458.6  458.6
   59.9  19555  -63.1  -92.2      1   0.00    259     17  469.5  469.5  469.5
   58.0  19754  -62.6  -92.3      1   0.00    235     11  475.0  475.1  475.0
   56.0  19971  -62.0  -92.4      1   0.00    225     10  481.2  481.2  481.2
   55.0  20082  -61.7  -92.4      1   0.00      0      0  484.3  484.3  484.3
   51.0  20548  -60.4  -92.6      1   0.00     35     10  497.8  497.8  497.8
   50.0  20670  -60.1  -92.7      1   0.00     25     13  501.4  501.4  501.4
   46.0  21192  -57.9  -92.9      0   0.00     45     10  518.8  518.8  518.8
   45.0  21330  -58.3  -93.3      0   0.00     35     11  521.0  521.0  521.0
   42.9  21630  -59.3  -94.3      0   0.00     37      7  525.8  525.8  525.8
   40.0  22072  -57.6  -93.0      0   0.00     40      1  540.6  540.7  540.6
   36.3  22685  -55.3  -91.3      0   0.00    132      9  561.8  561.9  561.8
   36.0  22738  -55.3  -91.3      0   0.00    140     10  563.2  563.2  563.2
   35.0  22918  -55.3  -91.3      0   0.00    130     14  567.7  567.8  567.7
   34.0  23102  -55.3  -91.3      0   0.00    100     19  572.5  572.5  572.5
   33.0  23293  -55.3  -91.3      0   0.00     95     23  577.4  577.4  577.4
   31.0  23691  -55.3  -91.3      0   0.00     90     19  587.8  587.8  587.8
   30.0  23900  -55.3  -91.3      0   0.00    105     18  593.3  593.3  593.3
   29.0  24116  -55.3  -91.3      0   0.00     90     19  599.1  599.1  599.1
   27.5  24455  -55.3  -91.3      0   0.00     83     20  608.2  608.3  608.2
   27.0  24573  -54.9  -91.0      0   0.00     80     20  612.7  612.7  612.7
   25.0  25068  -53.0  -89.6      0   0.01     80     27  631.6  631.7  631.6
   24.0  25330  -52.0  -88.9      0   0.01     75     21  641.9  642.0  641.9
   23.7  25411  -51.7  -88.7      0   0.01                645.1  645.2  645.1

Station information and sounding indices

                         Station identifier: YPAD
                             Station number: 94672
                           Observation time: 171222/1200
                           Station latitude: -34.95
                          Station longitude: 138.53
                          Station elevation: 4.0
                            Showalter index: 7.95
                               Lifted index: 10.42
    LIFT computed using virtual temperature: 10.43
                                SWEAT index: 90.00
                                    K index: -4.50
                         Cross totals index: 9.30
                      Vertical totals index: 27.30
                        Totals totals index: 36.60
      Convective Available Potential Energy: 0.00
             CAPE using virtual temperature: 0.00
                      Convective Inhibition: 0.00
             CINS using virtual temperature: 0.00
                     Bulk Richardson Number: 0.00
          Bulk Richardson Number using CAPV: 0.00
  Temp [K] of the Lifted Condensation Level: 272.40
Pres [hPa] of the Lifted Condensation Level: 742.56
     Mean mixed layer potential temperature: 296.59
              Mean mixed layer mixing ratio: 5.05
              1000 hPa to 500 hPa thickness: 5687.00
Precipitable water [mm] for entire sounding: 11.93
