94672 YPAD Adelaide Airport Observations at 00Z 22 Jun 2017

-----------------------------------------------------------------------------
   PRES   HGHT   TEMP   DWPT   RELH   MIXR   DRCT   SKNT   THTA   THTE   THTV
    hPa     m      C      C      %    g/kg    deg   knot     K      K      K 
-----------------------------------------------------------------------------
 1026.0      4   11.4    5.4     67   5.51     40      7  282.5  297.9  283.4
 1009.0    143   12.4    2.4     50   4.53     30     14  284.8  297.8  285.6
 1000.0    217   12.2    2.2     50   4.51     25     17  285.4  298.3  286.1
  982.0    369   11.8    0.5     46   4.05     15     19  286.5  298.2  287.2
  961.0    550   11.4   -1.6     40   3.55      3     17  287.8  298.3  288.4
  930.0    822    9.2   -3.0     42   3.32    345     15  288.2  298.0  288.8
  925.0    867    8.8   -3.2     43   3.28    345     14  288.3  298.0  288.9
  894.0   1148    6.6   -3.7     48   3.26    340     10  288.8  298.5  289.4
  889.0   1194    6.2   -3.8     49   3.26    345     10  288.9  298.6  289.5
  883.0   1249    7.2  -15.8     18   1.27    352     10  290.5  294.5  290.7
  875.0   1324    7.4  -16.6     16   1.20      0     10  291.5  295.3  291.7
  850.0   1562    6.0  -15.0     21   1.41    345     11  292.4  296.9  292.7
  828.0   1773    4.6  -15.7     21   1.37    340      8  293.2  297.5  293.4
  802.0   2029    3.0  -16.5     22   1.32    320     10  294.1  298.3  294.3
  771.0   2346    0.9  -17.5     24   1.26    335     13  295.2  299.2  295.4
  704.0   3076   -3.9  -19.9     28   1.13    316     20  297.6  301.3  297.9
  700.0   3121   -3.9  -22.9     21   0.87    315     20  298.1  301.0  298.3
  668.0   3491   -2.9  -47.9      2   0.08    306     21  303.3  303.6  303.3
  650.0   3703   -4.4  -46.2      2   0.09    300     21  303.9  304.3  303.9
  553.0   4959  -13.5  -36.5     13   0.31    310     30  307.5  308.7  307.6
  530.0   5280  -15.2  -42.4      8   0.17    295     34  309.3  309.9  309.3
  500.0   5720  -17.5  -50.5      4   0.07    290     40  311.6  311.9  311.6
  499.0   5735  -17.5  -49.5      4   0.08    290     40  311.8  312.2  311.8
  480.0   6025  -19.3  -34.3     25   0.44    290     43  313.1  314.7  313.2
  475.0   6103  -19.5  -41.5     12   0.21    290     44  313.8  314.6  313.8
  470.0   6182  -20.3  -31.3     37   0.60    290     45  313.7  315.9  313.8
  454.0   6436  -21.9  -35.5     28   0.41    290     48  314.8  316.3  314.9
  421.0   6991  -25.5  -44.5     15   0.17    277     48  317.1  317.8  317.1
  417.0   7060  -26.1  -44.6     16   0.17    275     48  317.1  317.8  317.2
  400.0   7360  -28.9  -44.9     20   0.18    275     46  317.4  318.0  317.4
  371.0   7891  -33.6  -43.3     37   0.23    280     46  318.0  318.9  318.1
  368.0   7949  -34.1  -43.1     40   0.23    280     49  318.1  319.0  318.1
  355.0   8199  -35.9  -42.9     49   0.25    278     60  318.9  319.9  319.0
  335.0   8600  -37.7  -51.7     22   0.10    276     78  321.8  322.2  321.8
  330.0   8702  -38.4  -52.7     21   0.09    275     83  322.2  322.6  322.2
  300.0   9350  -43.1  -59.1     16   0.04    275     96  324.5  324.7  324.5
  274.0   9955  -47.2  -65.4     11   0.02    275    106  327.1  327.2  327.1
  265.0  10178  -48.7  -67.7      9   0.02    277    105  328.0  328.1  328.0
  253.0  10482  -50.9  -69.0     10   0.01    280    103  329.1  329.2  329.1
  252.0  10508  -51.1  -69.1     10   0.01    280    103  329.2  329.3  329.2
  250.0  10560  -51.3  -68.3     11   0.02    280    104  329.7  329.7  329.7
  230.0  11098  -53.9  -69.9     12   0.01    278    114  333.7  333.7  333.7
  200.0  11990  -56.3  -77.3      5   0.01    275    132  343.4  343.5  343.4
  191.0  12280  -57.7  -79.2      5   0.00    270    134  345.8  345.8  345.8
  182.0  12585  -59.1  -81.1      4   0.00    270    129  348.3  348.3  348.3
  169.0  13049  -59.9  -83.9      3   0.00    270    120  354.4  354.4  354.4
  150.0  13790  -61.7  -86.2      3   0.00    270    107  363.6  363.6  363.6
  138.0  14302  -63.1  -87.8      2   0.00    275    100  369.9  369.9  369.9
  130.0  14669  -64.1  -89.0      2   0.00    270    101  374.5  374.5  374.5
  119.0  15213  -65.6  -90.7      2   0.00    270     80  381.4  381.4  381.4
  118.0  15264  -65.7  -90.8      2   0.00    270     78  382.0  382.0  382.0
  114.0  15476  -65.0  -91.5      1   0.00    280     68  387.1  387.1  387.1
  110.0  15695  -64.3  -92.2      1   0.00    290     69  392.5  392.5  392.5
  100.0  16280  -62.3  -94.0      1   0.00    280     65  407.1  407.1  407.1
   95.7  16553  -59.9  -94.9      0   0.00    280     60  416.9  416.9  416.9
   88.0  17073  -61.4  -94.6      1   0.00    280     49  424.0  424.0  424.0
   85.0  17288  -62.0  -94.5      1   0.00    290     54  427.0  427.0  427.0
   83.7  17384  -62.3  -94.4      1   0.00    287     57  428.3  428.3  428.3
   80.0  17663  -61.9  -94.3      1   0.00    280     65  434.7  434.7  434.7
   75.0  18063  -61.3  -94.1      1   0.00    260     53  444.0  444.0  444.0
   71.0  18402  -60.8  -93.9      1   0.00    255     36  452.1  452.1  452.1
   70.0  18490  -60.7  -93.8      1   0.00    265     33  454.2  454.2  454.2
   69.7  18517  -60.1  -93.8      1   0.00    267     34  456.0  456.0  456.0
   68.0  18670  -60.5  -93.7      1   0.00    280     37  458.3  458.3  458.3
   63.0  19145  -61.9  -93.5      1   0.00    280     43  465.5  465.5  465.5
   62.1  19234  -62.1  -93.4      1   0.00    279     40  466.9  466.9  466.9
   57.0  19770  -57.5  -93.1      0   0.00    270     23  488.9  488.9  488.9
   56.6  19814  -57.1  -93.1      0   0.00    276     25  490.8  490.8  490.8
   56.0  19882  -57.1  -93.1      0   0.00    285     27  492.4  492.4  492.4
   54.0  20112  -57.0  -93.0      0   0.00    265     39  497.8  497.8  497.8
   53.0  20231  -56.9  -92.9      0   0.00    260     34  500.6  500.6  500.6
   50.0  20600  -56.7  -92.7      0   0.00    280     16  509.4  509.4  509.4
   49.0  20729  -56.3  -92.5      0   0.00    300     18  513.2  513.2  513.2
   46.0  21133  -55.2  -91.7      0   0.00    265     17  525.3  525.3  525.3
   45.0  21274  -54.8  -91.5      0   0.00    280     11  529.6  529.6  529.6
   41.0  21869  -53.1  -90.4      0   0.00    300     12  548.0  548.0  548.0
   40.0  22027  -52.7  -90.1      0   0.00    285     12  553.0  553.0  553.0
   36.6  22595  -51.1  -89.1      0   0.00    348     15  571.3  571.4  571.3
   36.0  22702  -51.2  -89.1      0   0.00      0     16  573.8  573.9  573.8
   34.0  23071  -51.5  -89.1      0   0.00    305     10  582.5  582.5  582.5
   32.0  23463  -51.8  -89.1      0   0.00    345     10  591.9  591.9  591.9
   30.0  23880  -52.1  -89.1      0   0.00    250      9  602.0  602.0  602.0
   29.0  24099  -52.3  -89.2      0   0.00    275      5  607.2  607.3  607.2
   28.0  24326  -52.6  -89.4      0   0.00    310     10  612.7  612.7  612.7
   27.0  24561  -52.8  -89.5      0   0.00    325     10  618.4  618.4  618.4
   25.0  25058  -53.4  -89.8      0   0.00    320     10  630.6  630.6  630.6
   24.0  25322  -53.6  -90.0      0   0.01    275     15  637.2  637.2  637.2
   22.0  25885  -54.2  -90.3      0   0.01    300     20  651.4  651.5  651.4
   21.2  26124  -54.5  -90.5      0   0.01    276     21  657.6  657.6  657.6
   21.0  26185  -54.2  -90.4      0   0.01    270     21  660.1  660.2  660.1
   20.0  26500  -52.9  -89.9      0   0.01    265     23  673.5  673.6  673.5
   19.3  26730  -52.3  -89.3      0   0.01    258     26  682.2  682.3  682.2
   19.0  26830  -52.7  -89.6      0   0.01    255     28  684.1  684.1  684.1
   18.0  27176  -54.1  -90.7      0   0.01    270     27  690.4  690.5  690.4
   17.0  27542  -55.5  -91.8      0   0.01    265     25  697.1  697.2  697.1
   16.1  27890  -56.9  -92.9      0   0.00    238     19  703.5  703.6  703.5
   16.0  27929  -56.9  -92.9      0   0.00    235     18  704.9  704.9  704.9
   15.0  28338  -56.7  -92.7      0   0.00    245     19  718.5  718.6  718.6
   14.0  28775  -56.5  -92.5      0   0.01    265     28  733.5  733.6  733.5
   13.9  28821  -56.5  -92.5      0   0.01                735.1  735.1  735.1

Station information and sounding indices

                         Station identifier: YPAD
                             Station number: 94672
                           Observation time: 170622/0000
                           Station latitude: -34.95
                          Station longitude: 138.53
                          Station elevation: 4.0
                            Showalter index: 13.68
                               Lifted index: 12.86
    LIFT computed using virtual temperature: 12.78
                                SWEAT index: 61.99
                                    K index: -10.50
                         Cross totals index: 2.50
                      Vertical totals index: 23.50
                        Totals totals index: 26.00
      Convective Available Potential Energy: 0.00
             CAPE using virtual temperature: 0.00
                      Convective Inhibition: 0.00
             CINS using virtual temperature: 0.00
                     Bulk Richardson Number: 0.00
          Bulk Richardson Number using CAPV: 0.00
  Temp [K] of the Lifted Condensation Level: 272.77
Pres [hPa] of the Lifted Condensation Level: 853.53
     Mean mixed layer potential temperature: 285.42
              Mean mixed layer mixing ratio: 4.41
              1000 hPa to 500 hPa thickness: 5503.00
Precipitable water [mm] for entire sounding: 8.79
