0.0 1.0 0.0 2.0 0.0
0.20080321285140562 0.959948912862 -0.396230525009 1.91989782572 -0.792461050019
0.40160642570281124 0.843002494332 -0.760722376977 1.68600498866 -1.52144475395
0.6024096385542169 0.65852791989 -1.06427759765 1.31705583978 -2.12855519531
0.8032128514056225 0.421302873401 -1.28257945447 0.842605746803 -2.56515890893
1.0040160642570282 0.150330516045 -1.39814194714 0.30066103209 -2.79628389429
1.2048192771084338 -0.132683603666 -1.40170908191 -0.265367207333 -2.80341816383
1.4056224899598393 -0.405069186565 -1.29299486069 -0.810138373131 -2.58598972138
1.606425702811245 -0.645007302946 -1.08070743405 -1.29001460589 -2.1614148681
1.8072289156626506 -0.833278117961 -0.781851753291 -1.66655623592 -1.56370350658
2.0080321285140563 -0.95480026502 -0.420367013041 -1.90960053004 -0.840734026082
2.208835341365462 -0.999840043999 -0.025209967144 -1.999680088 -0.050419934288
2.4096385542168677 -0.964789244109 0.371966656484 -1.92957848822 0.743933312967
2.610441767068273 -0.852455545736 0.73934758038 -1.70491109147 1.47869516076
2.8112449799196786 -0.671837109732 1.04750447078 -1.34367421946 2.09500894156
3.0120481927710845 -0.437402262183 1.27175194386 -0.874804524367 2.54350388773
3.21285140562249 -0.167930216015 1.39412770476 -0.335860432029 2.78825540951
3.4136546184738954 0.114993517423 1.40482918373 0.229987034847 2.80965836746
3.6144578313253013 0.388705718766 1.30299909516 0.777411437532 2.60599819033
3.8152610441767068 0.631281125338 1.09679444305 1.26256225068 2.1935888861
4.016064257028113 0.823288587412 0.802732882501 1.64657717482 1.605465765
4.216867469879518 0.949347551408 0.444369775397 1.89869510282 0.888739550794
4.417670682730924 0.999360400228 0.0504115295588 1.99872080046 0.100823059118
4.618473895582329 0.96932127358 -0.347584401679 1.93864254716 -0.695168803359
4.819277108433735 0.861635545146 -0.717737158825 1.72327109029 -1.43547431765
5.020080321285141 0.684930182766 -1.03039589555 1.36986036553 -2.0607917911
5.220883534136546 0.453359846381 -1.26051583459 0.906719692762 -2.52103166919
5.421686746987952 0.185474333794 -1.38966369277 0.370948667588 -2.77932738555
5.622489959839357 -0.0972677153599 -1.40749515617 -0.19453543072 -2.81499031234
5.823293172690763 -0.372218008601 -1.31258172595 -0.744436017203 -2.6251634519
6.024096385542169 -0.617352082918 -1.11252587025 -1.23470416584 -2.2250517405
6.224899598393574 -0.813033794552 -0.823352890263 -1.6260675891 -1.64670578053
6.42570281124498 -0.943588498375 -0.468227050771 -1.88717699675 -0.936454101541
6.626506024096385 -0.998558299272 -0.0755950908669 -1.99711659854 -0.151190181734
6.827309236947791 -0.973540850258 0.323091672941 -1.94708170052 0.646183345882
7.028112449799197 -0.870539802744 0.695897472487 -1.74107960549 1.39179494497
7.228915662650603 -0.697804966215 1.0129595188 -1.39560993243 2.0259190376
7.429718875502008 -0.469173826144 1.24887976547 -0.938347652288 2.49775953095
7.6305220883534135 -0.202960426187 1.38476034017 -0.405920852374 2.76952068034
7.831325301204819 0.0795105227822 1.40971692641 0.159021045564 2.81943385282
8.032128514056225 0.355612227526 1.32175068904 0.711224455052 2.64350137808
8.23293172690763 0.603227994326 1.12790745054 1.20645598865 2.25581490109
8.433734939759036 0.802522761262 0.843714788983 1.60504552252 1.68742957797
8.634538152610443 0.937532415283 0.491938166529 1.87506483057 0.983876333058
8.835341365461847 0.997442335527 0.100756127756 1.99488467105 0.201512255512
9.036144578313253 0.977454277096 -0.298496203327 1.95490855419 -0.596992406654
9.236947791164658 0.879169279148 -0.673837751518 1.7583385583 -1.34767550304
9.437751004016064 0.710459282527 -0.995202690173 1.42091856505 -1.99040538035
9.63855421686747 0.484839116578 -1.23684802088 0.969678233157 -2.47369604177
9.839357429718875 0.220381858876 -1.37941738736 0.440763717751 -2.75883477471
10.040160642570282 -0.0617283909482 -1.4114907132 -0.123456781896 -2.82298142639
10.240963855421686 -0.338893715473 -1.33049923087 -0.677787430946 -2.66099846174
10.441767068273093 -0.588912323635 -1.14293000848 -1.17782464727 -2.28586001696
10.642570281124499 -0.791756677205 -0.863807973301 -1.58351335441 -1.7276159466
10.843373493975903 -0.931178292429 -0.515492413194 -1.86235658486 -1.03098482639
11.04417670682731 -0.99600919016 -0.125884675519 -1.99201838032 -0.251769351037
11.244979919678714 -0.981056831189 0.27380624491 -1.96211366238 0.547612489819
11.44578313253012 -0.887518975325 0.651564109656 -1.77503795065 1.30312821931
11.646586345381525 -0.722887294708 0.977129517843 -1.44577458942 1.95425903569
11.847389558232932 -0.500349964068 1.2244231133 -1.00069992814 2.44884622659
12.048192771084338 -0.237732995788 1.37363592534 -0.475465991577 2.74727185067
12.248995983935743 0.0439268052107 1.41281585081 0.0878536104214 2.82563170163
12.449799196787149 0.322067660813 1.33882515204 0.644135321626 2.67765030408
12.650602409638553 0.57440974591 1.15758995016 1.14881949182 2.31517990031
12.85140562248996 0.780739541992 0.883627625676 1.56147908398 1.76725525135
13.052208835341366 0.924529080141 0.538883533207 1.84905816028 1.07776706641
13.25301204819277 0.994260516125 0.150973485972 1.98852103225 0.301946971944
13.453815261044177 0.98434866497 -0.249029452916 1.96869732994 -0.498058905832
13.654618473895582 0.895587302897 -0.629084155134 1.79117460579 -1.25816831027
13.855421686746988 0.735086398432 -0.958747115015 1.47017279686 -1.91749423003
14.056224899598394 0.515702402262 -1.21161098701 1.03140480452 -2.42322197401
14.257028112449799 0.255009057404 -1.36742029194 0.510018114807 -2.73484058388
14.457831325301205 -0.0261112327381 -1.4136945964 -0.0522224654763 -2.8273891928
14.65863453815261 -0.30513974693 -1.34672768985 -0.610279493859 -2.6934553797
14.859437751004016 -0.55972553152 -1.17188332912 -1.11945106304 -2.34376665824
15.060240963855422 -0.769475363525 -0.903167121227 -1.53895072705 -1.80633424245
15.261044176706827 -0.917587227278 -0.562103857521 -1.83517445456 -1.12420771504
15.461847389558233 -0.992196974188 -0.176014456101 -1.98439394838 -0.352028912201
15.662650602409638 -0.987328645821 0.224173744847 -1.97465729164 0.448347489693
15.863453815261044 -0.903372202267 0.606404719073 -1.80674440453 1.21280943815
16.06425702811245 -0.747052633065 0.94006059803 -1.49410526613 1.88012119606
16.265060240963855 -0.530891526549 1.19841424829 -1.0617830531 2.39682849657
16.46586345381526 -0.272204572286 1.36077108721 -0.544409144573 2.72154217442
16.666666666666668 0.00828687472403 1.41412567589 0.016573749448 2.82825135179
16.867469879518072 0.288114686348 1.35420405284 0.576229372697 2.70840810567
17.068273092369477 0.544863532129 1.18580614449 1.08972706426 2.37161228897
17.269076305220885 0.757966979182 0.922421188244 1.51593395836 1.84484237649
17.46987951807229 0.910354648928 0.585147346973 1.82070929786 1.17029469395
17.670682730923694 0.989820082169 0.201001148138 1.97964016434 0.402002296277
17.8714859437751 0.98999763588 -0.199246020289 1.97999527176 -0.398492040579
18.072289156626507 0.910872958246 -0.583532925345 1.82174591649 -1.16706585069
18.27309236947791 0.758784330516 -0.921076949778 1.51756866103 -1.84215389956
18.473895582329316 0.545914527058 -1.18483964035 1.09182905412 -2.36967928069
18.674698795180724 0.289315040115 -1.35369268011 0.57863008023 -2.70738536022
18.87550200803213 0.00954039318228 -1.41410995572 0.0190807863645 -2.82821991144
19.076305220883533 -0.270998312363 -1.36125262241 -0.541996624726 -2.72250524481
19.27710843373494 -0.529829118156 -1.19935434508 -1.05965823631 -2.39870869017
19.477911646586346 -0.746219025804 -0.941383521252 -1.49243805161 -1.8827670425
19.67871485943775 -0.902834314481 -0.608004178373 -1.80566862896 -1.21600835675
19.879518072289155 -0.98712862666 -0.225922683938 -1.97425725332 -0.451845367877
20.080321285140563 -0.992350996147 0.174256122598 -1.98470199229 0.348512245196
20.281124497991968 -0.918082871515 0.560476469636 -1.83616574303 1.12095293927
20.481927710843372 -0.770273072396 0.901800997795 -1.54054614479 1.80360199559
20.68273092369478 -0.560761695365 1.170887519 -1.12152339073 2.34177503801
20.883534136546185 -0.306331624678 1.3461818142 -0.612663249356 2.6923636284
21.08433734939759 -0.0273634474572 1.41364244517 -0.0547268949144 2.82728489033
21.285140562248998 0.253796471245 1.3678655013 0.507592942491 2.73573100261
21.485943775100402 0.51462627461 1.21251794349 1.02925254922 2.42503588698
21.686746987951807 0.734232646545 0.960043740838 1.46846529309 1.92008748168
21.88755020080321 0.895024469225 0.630667011491 1.79004893845 1.26133402298
22.08835341365462 0.984121781903 0.250771849746 1.96824356381 0.501543699491
22.289156626506024 0.994387441979 -0.149210895474 1.98877488396 -0.298421790948
22.48995983935743 0.924999212426 -0.537241079024 1.84999842485 -1.07448215805
22.690763052208837 0.781515472371 -0.882236125107 1.56303094474 -1.76447225021
22.89156626506024 0.575429816074 -1.15656079553 1.15085963215 -2.31312159106
23.092369477911646 0.323250453926 -1.3382408124 0.646500907852 -2.67648162479
23.29317269076305 0.0451780506053 -1.41272346912 0.0903561012106 -2.82544693824
23.49397590361446 -0.236513302726 -1.37404250887 -0.473026605451 -2.74808501774
23.694779116465863 -0.499259144828 -1.22529577919 -0.998518289656 -2.45059155837
23.895582329317268 -0.722012408753 -0.978398699472 -1.44402481751 -1.95679739894
24.096385542168676 -0.886929950483 -0.653128706145 -1.77385990097 -1.30625741229
24.29718875502008 -0.980801481105 -0.27554152841 -1.96160296221 -0.55108305682
24.497991967871485 -0.99610762354 0.124117649557 -1.99221524708 0.248235299113
24.698795180722893 -0.931622162379 0.513834527561 -1.86324432476 1.02766905512
24.899598393574298 -0.792510682065 0.862391485152 -1.58502136413 1.7247829703
25.100401606425702 -0.589916458379 1.14186797106 -1.17983291676 2.28373594213
25.301204819277107 -0.340067798813 1.32987660777 -0.680135597627 2.65975321554
25.502008032128515 -0.0629786330615 1.41135716111 -0.125957266123 2.82271432221
25.70281124497992 0.219155005059 1.37978308154 0.438310010119 2.75956616307
25.903614457831324 0.483733324427 1.23768424375 0.967466648854 2.47536848751
26.104417670682732 0.709562976484 0.996443078329 1.41912595297 1.99288615666
26.305220883534137 0.878554104323 0.675383337263 1.75710820865 1.35076667453
26.50602409638554 0.977169900631 0.30022315355 1.95433980126 0.600446307101
26.70682730923695 0.997511098931 -0.0989856626827 1.99502219786 -0.197971325365
26.907630522088354 0.937948542327 -0.490265243181 1.87589708465 -0.980530486362
27.10843373493976 0.803253074795 -0.842273084477 1.60650614959 -1.68454616895
27.309236947791163 0.60421419998 -1.12681153742 1.20842839996 -2.25362307485
27.51004016064257 0.356775862743 -1.32108837209 0.713551725485 -2.64217674418
27.710843373493976 0.0807586927484 -1.4095415873 0.161517385497 -2.8190831746
27.91164658634538 -0.201727357597 -1.38508605512 -0.403454715193 -2.77017211023
28.11244979919679 -0.468054363531 -1.24968054866 -0.936108727062 -2.49936109733
28.313253012048193 -0.696888643948 -1.01417142503 -1.3937772879 -2.02834285005
28.514056224899598 -0.869899796431 -0.697423749126 -1.73979959286 -1.39484749825
28.714859437751002 -0.973228914253 -0.324810015617 -1.94645782851 -0.649620031235
28.91566265060241 -0.998599238602 0.0738219013464 -1.9971984772 0.147643802693
29.116465863453815 -0.943978436617 0.466540459975 -1.88795687323 0.93308091995
29.31726907630522 -0.813741781446 0.821887585387 -1.62748356289 1.64377517077
29.518072289156628 -0.618321717007 1.1113986793 -1.23664343401 2.2227973586
29.718875502008032 -0.373372121095 1.3118829118 -0.74674424219 2.62376582361
29.919678714859437 -0.0985142058495 1.4072810396 -0.197028411699 2.81456207919
30.120481927710845 0.184235072023 1.38995135955 0.368470144047 2.7799027191
30.32128514056225 0.452226568244 1.26128194653 0.904453136488 2.52256389306
30.522088353413654 0.683993184127 1.03157959264 1.36798636825 2.06315918529
30.72289156626506 0.860969523807 0.719244112894 1.72193904761 1.43848822579
30.923694779116467 0.968979031941 0.349294710866 1.93795806388 0.698589421733
31.12449799196787 0.999369958533 -0.0486340835614 1.99873991707 -0.097268167123
31.325301204819276 0.949708161755 -0.44266683206 1.89941632351 -0.88533366412
31.526104417670684 0.823971721378 -0.801240430841 1.64794344276 -1.60248086168
31.72690763052209 0.632232205549 -1.09563218072 1.2644644111 -2.19126436143
31.927710843373493 0.389848392713 -1.30226019515 0.779696785426 -2.60452039031
32.1285140562249 0.116236866782 -1.40457181152 0.232473733564 -2.80914362304
32.329317269076306 -0.166685598688 -1.39437284396 -0.333371197375 -2.78874568792
32.53012048192771 -0.436255921043 -1.27247987936 -0.872511842086 -2.54495975871
32.730923694779115 -0.670880665529 -1.04865707782 -1.34176133106 -2.09731415564
32.93172690763052 -0.851765582941 -0.740833307831 -1.70353116588 -1.48166661566
33.13253012048193 -0.96442075622 -0.373666004703 -1.92884151244 -0.747332009406
33.333333333333336 -0.99982235717 0.023432860954 -1.99964471434 0.046865721908
33.53413654618474 -0.955135363393 0.418654242863 -1.91027072679 0.837308485725
33.734939759036145 -0.833938812084 0.780339990812 -1.66787762417 1.56067998162
33.93574297188755 -0.645940958595 1.07951785151 -1.29188191719 2.15903570303
34.136546184738954 -0.406201114435 1.2922225719 -0.812402228871 2.58444514379
34.33734939759036 -0.133923340233 1.4014161157 -0.267846680467 2.8028322314
34.53815261044177 0.149082200908 1.39835151561 0.298164401815 2.79670303122
34.738955823293175 0.420145746533 1.28327431612 0.840291493065 2.56654863223
34.93975903614458 0.657554205654 1.06540259511 1.31510841131 2.13080519022
35.140562248995984 0.842290330165 0.762188662985 1.68458066033 1.52437732597
35.34136546184739 0.959556337923 0.397920917214 1.91911267585 0.795841834429
35.54216867469879 0.999958801557 0.00177819385038 1.99991760311 0.00355638770085
35.7429718875502 0.960261167784 -0.39450702246 1.92052233557 -0.78901404492
35.94377510040161 0.843643408874 -0.759190912218 1.68728681775 -1.51838182444
36.144578313253014 0.659446884669 -1.06306116139 1.31889376934 -2.12612232278
36.34538152610442 0.42242648936 -1.2817766447 0.84485297872 -2.56355328941
36.54618473895582 0.151568194028 -1.39781738626 0.303136388056 -2.79563477251
36.74698795180723 -0.131431184208 -1.4018879566 -0.262862368416 -2.8037759132
36.94779116465863 -0.403902333506 -1.29366259064 -0.807804667012 -2.58732518129
37.14859437751004 -0.644019667285 -1.08181073234 -1.28803933457 -2.16362146468
37.34939759036145 -0.832548555911 -0.783301909737 -1.66509711182 -1.56660381947
37.55020080321285 -0.954387191037 -0.42204835498 -1.90877438207 -0.84409670996
37.75100401606426 -0.999776269939 -0.0269873905974 -1.99955253988 -0.0539747811944
37.95180722891566 -0.965080149923 0.370235145999 -1.93016029985 0.740470291999
38.15261044176707 -0.853077844703 0.73780058613 -1.7061556894 1.47560117226
38.35341365461847 -0.672740992491 1.04626596291 -1.34548198498 2.09253192582
38.55421686746988 -0.438515039453 1.27092178022 -0.877030078905 2.54184356044
38.75502008032129 -0.169163179417 1.39377146189 -0.338326358834 2.78754292378
38.95582329317269 0.113739351397 1.40497573967 0.227478702794 2.80995147934
39.1566265060241 0.387530864103 1.30363703262 0.775061728206 2.60727406523
39.3574297188755 0.63027983228 1.09787267254 1.26055966456 2.19574534508
39.558232931726906 0.822541395299 0.80416481862 1.6450827906 1.60832963724
39.75903614457831 0.948914630118 0.446040109868 1.89782926024 0.892080219736
39.95983935742972 0.999276024661 0.0521871249011 1.99855204932 0.104374249802
40.16064257028113 0.969592379421 -0.345846483565 1.93918475884 -0.691692967129
40.36144578313253 0.862241079799 -0.716176795272 1.7244821596 -1.43235359054
40.562248995983936 0.685821019621 -1.02913929572 1.37164203924 -2.05827859144
40.76305220883534 0.454464747359 -1.25966283527 0.908929494717 -2.51932567054
40.963855421686745 0.186704303446 -1.38928348643 0.373408606893 -2.77856697286
41.16465863453815 -0.0960116516439 -1.40761783658 -0.192023303288 -2.81523567317
41.36546184738956 -0.371036589982 -1.31319725148 -0.742073179964 -2.62639450296
41.566265060240966 -0.616340306011 -1.11358547596 -1.23268061202 -2.22717095192
41.76706827309237 -0.81227295399 -0.824771377123 -1.62454590798 -1.64954275425
41.967871485943775 -0.943139349954 -0.469890737703 -1.88627869991 -0.939781475406
42.16867469879518 -0.99845721097 -0.0773703237585 -1.99691442194 -0.154740647517
42.369477911646584 -0.973795247233 0.321347474345 -1.94759049447 0.64269494869
42.570281124497996 -0.871129140008 0.694324133532 -1.74225828002 1.38864826706
42.7710843373494 -0.698682567953 1.01168342006 -1.39736513591 2.02336684012
42.971887550200805 -0.47026932633 1.24800239857 -0.94053865266 2.49600479714
43.17269076305221 -0.204185996826 1.38435228974 -0.408371993652 2.76870457948
43.373493975903614 0.0782531770551 1.40981107395 0.15650635411 2.8196221479
43.57429718875502 0.354423929362 1.32233941524 0.708847858724 2.64467883047
43.77510040160642 0.602204133902 1.1289439294 1.2044082678 2.25788785881
43.975903614457835 0.801745939167 0.84511597207 1.60349187833 1.69023194414
44.17670682730924 0.937064668073 0.493591415509 1.87412933615 0.987182831017
44.377510040160644 0.997321275773 0.102528864586 1.99464255155 0.205057729171
44.57831325301205 0.977689148254 -0.296746499143 1.95537829651 -0.593492998286
44.77911646586345 0.879741074867 -0.672251363894 1.75948214973 -1.34450272779
44.97991967871486 0.711322732147 -0.993906673533 1.42264546429 -1.98781334706
45.18072289156626 0.48592473028 -1.23594699021 0.971849460561 -2.47189398042
45.381526104417674 0.221602668464 -1.3789829636 0.443205336928 -2.75796592719
45.58232931726908 -0.0604703641466 -1.41155800847 -0.120940728293 -2.82311601693
45.78313253012048 -0.33769943857 -1.33106243164 -0.675398877139 -2.66212486329
45.98393574297189 -0.587877600968 -1.14394428401 -1.17575520194 -2.28788856802
46.18473895582329 -0.79096459037 -0.865192112091 -1.58192918074 -1.73038422418
46.3855421686747 -0.930692309449 -0.517135117824 -1.8613846189 -1.03427023565
46.5863453815261 -0.995868261768 -0.127654230101 -1.99173652354 -0.255308460201
46.78714859437751 -0.981272074201 0.272051738237 -1.9625441484 0.544103476474
46.98795180722892 -0.88807274124 0.649965538826 -1.77614548248 1.29993107765
47.18875502008032 -0.723735737428 0.975814205429 -1.44747147486 1.95162841086
47.389558232931726 -0.501425122498 1.22349690022 -1.002850245 2.44699380045
47.59036144578313 -0.238948823043 1.37317318135 -0.477897646085 2.7463463627
47.791164658634536 0.0426677297572 1.41285419594 0.0853354595145 2.82570839188
47.99196787148595 0.32086661566 1.33936068723 0.641733231321 2.67872137447
48.19277108433735 0.57336298015 1.15857987327 1.1467259603 2.31715974654
48.393574297188756 0.779930938791 0.884992832787 1.55986187758 1.76998566557
48.59437751004016 0.924023419293 0.540514655192 1.84804683859 1.08102931038
48.795180722891565 0.994098261214 0.152739749134 1.98819652243 0.305479498268
48.99598393574297 0.984542713618 -0.247269602364 1.96908542724 -0.494539204728
49.196787148594375 0.896122217882 -0.627471675297 1.79224443576 -1.25494335059
49.397590361445786 0.735919338323 -0.957411121786 1.47183867665 -1.91482224357
49.59839357429719 0.516766724232 -1.21065847919 1.03353344846 -2.42131695837
49.799196787148595 0.256219747276 -1.36692826815 0.512439494552 -2.73385653629
50.0 -0.024851310986 -1.41370257794 -0.049702621972 -2.82740515589
