1 0.975 0.9749999996100001 
2 0.09506250000000008 0.09506250144494978 
3 0.3354999222656252 0.335499926829517 
4 0.8694649252590003 0.8694649311149324 
5 0.442633109113109 0.4426330922373292 
6 0.962165255336889 0.9621652477856221 
7 0.1419727793616139 0.1419728065830927 
8 0.4750843861996143 0.4750844622186487 
9 0.9725789275369049 0.9725789423105575 
10 0.1040097132674683 0.1040096588100755 
11 0.3634476019726006 0.36344743376872 
12 0.90227842611257 0.9022782469570424 
13 0.3438710647491348 0.3438716268981584 
14 0.8799326467519814 0.8799333313390314 
15 0.4120396173349332 0.4120375885767406 
16 0.9448255872175185 0.9448241952887604 
17 0.2033077681307003 0.2033125976142564 
18 0.6316975062388134 0.6317086825358394 
19 0.907357490716863 0.9073460094842264 
20 0.3278335115517574 0.3278699913733785 
21 0.8593989309960643 0.8594479145077769 
22 0.4712463927556561 0.4711090673484386 
23 0.9717755972747083 0.9717447246410394 
24 0.1069683646827597 0.1070819676160645 
25 0.3725519211954379 0.3729001373273927 
26 0.9116522501152019 0.911997937143557 
27 0.3141154574028559 0.3130050291788691 
28 0.8402430536114569 0.8386282354616572 
29 0.5235151914296899 0.5277905807776853 
30 0.9728434395108977 0.971987966118152 
31 0.1030344186748657 0.1061867033746359 
32 0.360431476248473 0.3701532408641456 
33 0.8990304459934958 0.90924529465347 
34 0.3540213423639041 0.3218213263355785 
35 0.8918919029075777 0.8511842049796317 
36 0.376040872098363 0.4940116512740138 
37 0.9150731249784758 0.9748601447501903 
38 0.3030857735903501 0.09558058741853029 
39 0.8237766710062077 0.33713526103631 
40 0.566157802517338 0.8715527995289275 
41 0.9579302661476999 0.4365992169326448 
42 0.1571694982489971 0.9593233287551401 
43 0.516622263569707 0.15218611067906 
44 0.9739224313798948 0.5031994437422195 
45 0.09905036323637888 0.9749600778829874 
46 0.3480336162385691 0.09521040522780735 
47 0.8849342510052466 0.3359669974602399 
48 0.3971199273718163 0.870063378903385 
49 0.9337211935584767 0.4409070728189778 
50 0.2413551124070205 0.9613813012329957 
51 0.7141010062758585 0.144796450002936 
52 0.7962269605354927 0.4829387084709845 
53 0.6327733926224242 0.9738647580923115 
54 0.9062477822249732 0.09926354504864873 
55 0.331354683805434 0.348700145324792 
56 0.8640791535699761 0.8857225805035178 
57 0.458040842749502 0.3947505544698581 
58 0.9681337735790292 0.9317979614408309 
59 0.1203180031351671 0.2478470299326165 
60 0.4127821669012588 0.727033630776169 
61 0.9453328933992844 0.7739773489367016 