1 0.5 0.9975 
2 0.9975 0.009950062499999789 
3 0.009950062499999789 0.03930572443742109 
4 0.03930572443742109 0.1506655300108438 
5 0.1506655300108438 0.5105820580288073 
6 0.5105820580288073 0.997053199991021 
7 0.997053199991021 0.01172308435095729 
8 0.01172308435095729 0.04622675804058795 
9 0.04622675804058795 0.1759184810777631 
10 0.1759184810777631 0.5784349646812926 
11 0.5784349646812926 0.9729533456986232 
12 0.9729533456986232 0.1049973798419895 
13 0.1049973798419895 0.374951990972543 
14 0.374951990972543 0.9351083517986934 
15 0.9351083517986934 0.2421160815581474 
16 0.2421160815581474 0.732148579590213 
17 0.732148579590213 0.7824670776070438 
18 0.7824670776070438 0.6791472767718638 
19 0.6791472767718638 0.8694459503686487 
20 0.8694459503686487 0.4529036621272619 
21 0.4529036621272619 0.9886499204863178 
22 0.9886499204863178 0.04477280828277388 
23 0.04477280828277388 0.170645133645779 
24 0.170645133645779 0.5646862343150849 
25 0.5646862343150849 0.9808046074496345 
26 0.9808046074496345 0.0751194485262595 
27 0.0751194485262595 0.2772113027476869 
28 0.2772113027476869 0.7994571335427026 
29 0.7994571335427026 0.639698446429848 
30 0.639698446429848 0.9196325328196968 
31 0.9196325328196968 0.2948950642233111 
32 0.2948950642233111 0.8296485416269609 
33 0.8296485416269609 0.5639140376228392 
34 0.5639140376228392 0.9812008332210377 
35 0.9812008332210377 0.07359857484844252 
36 0.07359857484844252 0.2720454802685957 
37 0.2720454802685957 0.7901665803667591 
38 0.7901665803667591 0.6615553889966619 
39 0.6615553889966619 0.8933604265816878 
40 0.8933604265816878 0.3801176234498957 
41 0.3801176234498957 0.9401565810128689 
42 0.9401565810128689 0.2244861149223364 
43 0.2244861149223364 0.6946274755263538 
44 0.6946274755263538 0.8463593816232517 
45 0.8463593816232517 0.518840363258619 
46 0.518840363258619 0.9960837124420103 
47 0.9960837124420103 0.0155647914965137 
48 0.0155647914965137 0.06113688976111321 
49 0.06113688976111321 0.2290226901810883 
50 0.2290226901810883 0.7045194772775891 
51 0.7045194772775891 0.8306054158222658 
52 0.8306054158222658 0.5613932355256571 
53 0.5613932355256571 0.982461173820448 
54 0.982461173820448 0.06875255086562408 
55 0.06875255086562408 0.2554622940842245 
56 0.2554622940842245 0.7589032284379443 
57 0.7589032284379443 0.7300467820345944 
58 0.7300467820345944 0.786343127521356 
59 0.786343127521356 0.6703503771519409 
60 0.6703503771519409 0.8817131885267242 
61 0.8817131885267242 0.4161372164019984 
62 0.4161372164019984 0.9694384637735072 
63 0.9694384637735072 0.1182138396325787 
64 0.1182138396325787 0.4159149177300877 
65 0.4159149177300877 0.9692894987692519 
66 0.9692894987692519 0.1187717917161684 
67 0.1187717917161684 0.4176135623027111 
68 0.4176135623027111 0.9704177747853676 
69 0.9704177747853676 0.1145413974922728 
70 0.1145413974922728 0.4046724463536319 
71 0.4046724463536319 0.9612415034880372 
72 0.9612415034880372 0.1486525390857791 
73 0.1486525390857791 0.5049542972194286 
74 0.5049542972194286 0.9974020652068556 
75 0.9974020652068556 0.01033883025654036 
76 0.01033883025654036 0.04082543599341256 
77 0.04082543599341256 0.1562432918797478 
78 0.1562432918797478 0.5260069892330876 
79 0.5260069892330876 0.9948013096790099 
80 0.9948013096790099 0.02063493912034671 
81 0.02063493912034671 0.08063446224730669 
82 0.08063446224730669 0.2957888575241235 
83 0.2957888575241235 0.8311082590619021 
84 0.8311082590619021 0.5600656099161754 
85 0.5600656099161754 0.9831045687965375 
86 0.9831045687965375 0.0662738026755671 
87 0.0662738026755671 0.2469075271604035 
88 0.2469075271604035 0.7419173587658331 
89 0.7419173587658331 0.7639892061957753 
90 0.7639892061957753 0.7194356990583766 
91 0.7194356990583766 0.8053734161752588 
92 0.8053734161752588 0.6254208360068741 
93 0.6254208360068741 0.9347357594423938 
94 0.9347357594423938 0.2434092296535598 
95 0.2434092296535598 0.7348030945263515 
96 0.7348030945263515 0.7775213521353885 
97 0.7775213521353885 0.6901977774446934 
98 0.6901977774446934 0.8531609737658447 
99 0.8531609737658447 0.499856533168954 
100 0.499856533168954 0.9974999178749009 
101 0.9974999178749009 0.00995038854072282 
102 0.00995038854072282 0.03930699945135977 
103 0.03930699945135977 0.1506702173895074 
104 0.1506702173895074 0.510595124895411 
105 0.510595124895411 0.997052095880518 
106 0.997052095880518 0.01172746378332945 
107 0.01172746378332945 0.04624382220239517 
108 0.04624382220239517 0.1759802711309287 
109 0.1759802711309287 0.578594749061418 
110 0.578594749061418 0.9728532330256914 
111 0.9728532330256914 0.1053751818684333 
112 0.1053751818684333 0.3761422991293654 
113 0.3761422991293654 0.9362904870408111 
114 0.9362904870408111 0.2380059375615905 
115 0.2380059375615905 0.7236228538756051 
116 0.7236228538756051 0.7979713487058738 
117 0.7979713487058738 0.6432401706481062 
118 0.6432401706481062 0.9156341915156787 
119 0.9156341915156787 0.3082203931840014 
120 0.3082203931840014 0.850750123813909 
121 0.850750123813909 0.5066276590716647 
122 0.5066276590716647 0.9973247357995669 
123 0.9973247357995669 0.01064574757594489 
124 0.01064574757594489 0.04202433838163169 
125 0.04202433838163169 0.1606305905272191 
126 0.1606305905272191 0.5379653316172429 
127 0.5379653316172429 0.9917489480448193 
128 0.9917489480448193 0.03265005866628638 
129 0.03265005866628638 0.126020289018144 
130 0.126020289018144 0.4394553113379707 
131 0.4394553113379707 0.9828740192925236 
132 0.9828740192925236 0.06716239915421134 
133 0.06716239915421134 0.2499799290633063 
134 0.2499799290633063 0.7480849568739546 
135 0.7480849568739546 0.7519308781496639 
136 0.7519308781496639 0.7442580222126095 
137 0.7442580222126095 0.7594486941532896 
138 0.7594486941532896 0.7289186366575896 
139 0.7289186366575896 0.7884090685854137 
140 0.7884090685854137 0.6656126345391996 
141 0.6656126345391996 0.8880640965711322 
142 0.8880640965711322 0.3966309652401998 
143 0.3966309652401998 0.9548662221847806 
144 0.9548662221847806 0.1719559124622299 
145 0.1719559124622299 0.5681244357597323 
146 0.5681244357597323 0.9789826543971483 
147 0.9789826543971483 0.08209671097878148 
148 0.08209671097878148 0.3006737956907392 
149 0.3006737956907392 0.8389735664598945 
150 0.8389735664598945 0.5390367157534234 
151 0.5390367157534234 0.991419777944514 
152 0.991419777944514 0.03394134136140868 
153 0.03394134136140868 0.1308294135649081 
154 0.1308294135649081 0.4537151816635696 
155 0.4537151816635696 0.9889522852103391 
156 0.9889522852103391 0.04359339452247309 
157 0.04359339452247309 0.1663551118011596 
158 0.1663551118011596 0.5533375434293454 
159 0.5533375434293454 0.9861488747790816 
160 0.9861488747790816 0.05450049348862087 
161 0.05450049348862087 0.2056054568954895 
162 0.2056054568954895 0.6516940934312433 
163 0.6516940934312433 0.9056857190521123 
164 0.9056857190521123 0.3408221984551109 
165 0.3408221984551109 0.8964030857063903 
166 0.8964030857063903 0.3705297286333843 
167 0.3705297286333843 0.930617420840697 
168 0.930617420840697 0.2576288611053392 
169 0.2576288611053392 0.7631123618133111 
170 0.7631123618133111 0.7212798213934749 
171 0.7212798213934749 0.8021306101698468 
172 0.8021306101698468 0.6332812066496004 
173 0.6332812066496004 0.9266221186165658 
174 0.9266221186165658 0.2712943359493801 
175 0.2712943359493801 0.7887979397323485 
176 0.7887979397323485 0.6647170425253398 
177 0.6647170425253398 0.8892445006478047 
178 0.8892445006478047 0.3929699876746103 
179 0.3929699876746103 0.9517928600818916 
180 0.9517928600818916 0.1830740142003072 
181 0.1830740142003072 0.5967360989043228 
182 0.5967360989043228 0.9601620874034046 
183 0.9601620874034046 0.1526209047330004 
184 0.1526209047330004 0.5160177790442084 
185 0.5160177790442084 0.9964762887104188 
186 0.9964762887104188 0.01401006604583213 
187 0.01401006604583213 0.05511699853994199 
188 0.05511699853994199 0.2077956688974412 
189 0.2077956688974412 0.6568203492507757 
190 0.6568203492507757 0.8993754384628504 
191 0.8993754384628504 0.3610920440188979 
192 0.3610920440188979 0.9205112732629575 
193 0.9205112732629575 0.2919493735444776 
194 0.2919493735444776 0.8247925979575443 
195 0.8247925979575443 0.576593975564836 
196 0.576593975564836 0.9740921179996215 
197 0.9740921179996215 0.1006942879660256 
198 0.1006942879660256 0.3613142438647925 
199 0.3613142438647925 0.920757381570371 
200 0.920757381570371 0.2911232711576404 
201 0.2911232711576404 0.8234183434709805 
202 0.8234183434709805 0.5801482946748826 
203 0.5801482946748826 0.9718692409342257 
204 0.9718692409342257 0.1090842836460292 
205 0.1090842836460292 0.3877677618027728 
206 0.3877677618027728 0.9472416595898709 
207 0.9472416595898709 0.199399842729919 
208 0.199399842729919 0.6369617863423183 
209 0.6369617863423183 0.9226534616368656 
210 0.9226534616368656 0.2847425649518347 
211 0.2847425649518347 0.8126203042593747 
212 0.8126203042593747 0.6075514960054562 
213 0.6075514960054562 0.9513463760708835 
214 0.9513463760708835 0.1846829307426458 
215 0.1846829307426458 0.600794831881462 
216 0.600794831881462 0.9569632034452914 
217 0.9569632034452914 0.1643266764810987 
218 0.1643266764810987 0.5479204453123224 
219 0.5479204453123224 0.9883374873750642 
220 0.9883374873750642 0.0459907287125939 
221 0.0459907287125939 0.1750635705244632 
222 0.1750635705244632 0.5762211040307611 
223 0.5762211040307611 0.9743194697683244 
224 0.9743194697683244 0.09983395198879544 
225 0.09983395198879544 0.3585698647361864 
226 0.3585698647361864 0.9176900921886452 
227 0.9176900921886452 0.30138459768089 
228 0.30138459768089 0.8401021686268564 
229 0.8401021686268564 0.5359787544322843 
230 0.5359787544322843 0.9923350616257107 
231 0.9923350616257107 0.03034868650509042 
232 0.03034868650509042 0.1174162984926996 
233 0.1174162984926996 0.4134825482504818 
234 0.4134825482504818 0.9676337748656516 
235 0.9676337748656516 0.1249614238935553 
236 0.1249614238935553 0.4362908050638813 
237 0.4362908050638813 0.9813051425375606 
238 0.9813051425375606 0.07319798546992481 
239 0.07319798546992481 0.2706817611683472 
240 0.2706817611683472 0.7876784499032049 
241 0.7876784499032049 0.667292026750544 
242 0.667292026750544 0.8858333773649242 
243 0.8858333773649242 0.4035190935955923 
244 0.4035190935955923 0.9603588244505418 
245 0.9603588244505418 0.1518983134745559 
246 0.1518983134745559 0.5140126111941844 
247 0.5140126111941844 0.9967165504428074 
248 0.9967165504428074 0.01305794737962998 
249 0.01305794737962998 0.05142087518554458 
250 0.05142087518554458 0.194619307434982 
251 0.194619307434982 0.6254031041079546 
252 0.6254031041079546 0.9347535053055572 
253 0.9347535053055572 0.243347664601878 
254 0.243347664601878 0.7346770191514128 
255 0.7346770191514128 0.7777575197620077 
256 0.7777575197620077 0.689674533260475 
257 0.689674533260475 0.8539540500153596 
258 0.8539540500153596 0.49761895660612 
259 0.49761895660612 0.9974773792231023 
260 0.9974773792231023 0.01003986607364147 
261 0.01003986607364147 0.03965687797983062 
262 0.03965687797983062 0.1519559979348065 
263 0.1519559979348065 0.5141728367795101 
264 0.5141728367795101 0.9966985314835093 
265 0.9966985314835093 0.01312936960028008 
266 0.01312936960028008 0.05169838712417551 
267 0.05169838712417551 0.1956123989328082 
268 0.1956123989328082 0.6278192713830749 
269 0.6278192713830749 0.9323123131137684 
270 0.9323123131137684 0.2517931950815901 
271 0.2517931950815901 0.7516895941488556 
272 0.7516895941488556 0.7447428693067656 
273 0.7447428693067656 0.758502702414731 
274 0.758502702414731 0.7308736478486815 
275 0.7308736478486815 0.7848224613288817 
276 0.7848224613288817 0.6738159004350053 
277 0.6738159004350053 0.8769542506963136 
278 0.8769542506963136 0.4305429165991032 
279 0.4305429165991032 0.978251097126109 
280 0.978251097126109 0.0848907935097154 
281 0.0848907935097154 0.309960543281155 
282 0.309960543281155 0.8534011695111251 
283 0.8534011695111251 0.4991793774187944 
284 0.4991793774187944 0.997497313048531 
285 0.997497313048531 0.009960729802873053 
286 0.009960729802873053 0.03934743952202217 
287 0.03934743952202217 0.1508188819150811 
288 0.1508188819150811 0.511009461624134 
289 0.511009461624134 0.9970163791014395 
290 0.9970163791014395 0.01186912843052785 
291 0.01186912843052785 0.04679572636110165 
292 0.04679572636110165 0.1779774865581998 
293 0.1779774865581998 0.5837429883381362 
294 0.5837429883381362 0.9695185764977531 
295 0.9695185764977531 0.1179137022308591 
296 0.1179137022308591 0.4150001436177149 
297 0.4150001436177149 0.9686723474158139 
298 0.9686723474158139 0.1210814607633252 
299 0.1210814607633252 0.4246187550847506 
300 0.4246187550847506 0.9748274949809584 