0 3.747054550214148e-7 0.04180383801172335 0.3333334582351517 0.5 0.6000001018201685 0.7097570677124176 0.8269407065863023 
1 1.873526573086184e-7 0.04005627713921295 0.3333333957842191 0.5 0.5999999490898899 0.6180059176340648 0.500884210318973 
2 9.36763111038001e-8 0.03845177180095951 0.3333333645587704 0.5 0.6000000254550486 0.708223810210027 0.8749972636023914 
3 4.683815116427442e-8 0.03697323304632644 0.3333333489460505 0.5 0.5999999872724742 0.619928534584856 0.3828196830175151 
4 2.341907448523101e-8 0.03560621308442848 0.3333333411396916 0.5 0.6000000063637626 0.7068514397769871 0.8269407065915954 
5 1.170953696838898e-8 0.03433841067421475 0.3333333372365124 0.5 0.5999999968181186 0.6216374455865624 0.5008842103068593 
6 5.854768415637862e-9 0.03315928422658373 0.3333333352849229 0.5 0.6000000015909407 0.7056129954935283 0.8749972636024664 
7 2.927384190679774e-9 0.03205974609616436 0.3333333343091281 0.5 0.5999999992045296 0.6231698882525349 0.3828196830173181 
8 1.463692091055098e-9 0.03103191877641383 0.3333333338212308 0.5 0.6000000003977352 0.7044875358835742 0.8269407065914337 
9 7.318460444563517e-10 0.03006893879346789 0.3333333335772821 0.5 0.5999999998011324 0.6245545430047919 0.5008842103072292 
10 3.659230219603766e-10 0.02916479771330257 0.3333333334553076 0.5 0.6000000000994338 0.7034584974506024 0.8749972636024641 
11 1.829615109132385e-10 0.02831421228764471 0.3333333333943204 0.5 0.5999999999502831 0.6258139194454296 0.3828196830173242 
12 9.148075543988177e-11 0.0275125176701749 0.3333333333638268 0.5 0.6000000000248584 0.7025125730213369 0.8269407065914387 
13 4.574037771575652e-11 0.02675557904162321 0.33333333334858 0.5 0.5999999999875708 0.6269659733048332 0.5008842103072179 
14 2.287018885683217e-11 0.02603971803177066 0.3333333333409567 0.5 0.6000000000062146 0.7016389248682692 0.8749972636024641 
15 1.143509442815456e-11 0.02536165111659654 0.333333333337145 0.5 0.5999999999968927 0.6280252319339056 0.3828196830173242 
16 5.717547214011901e-12 0.02471843776923658 0.3333333333352391 0.5 0.6000000000015536 0.700828619964809 0.8269407065914387 
17 2.858773606989605e-12 0.02410743660348496 0.3333333333342863 0.5 0.5999999999992232 0.629003596209091 0.5008842103072179 
18 1.429386803490716e-12 0.02352626810389391 0.3333333333338098 0.5 0.6000000000003884 0.7000742164953654 0.8749972636024641 
19 7.146934017443365e-13 0.02297278281299762 0.3333333333335716 0.5 0.5999999999998058 0.629910923681297 0.3828196830173242 