0.725 0.5781875000000001 0.875 0.3828125 0.9 0.324 0.925 0.2566874999999998 0.95 0.1805000000000002 0.975 0.09506250000000008 1.0 0.0 
0.5781875000000001 0.707271473046875 0.3828125 0.826934814453125 0.324 0.7884863999999999 0.2566874999999998 0.7059564011718747 0.1805000000000002 0.5620950500000005 0.09506250000000008 0.3354999222656252 0.0 0.0 
0.707271473046875 0.6004117557368378 0.826934814453125 0.5008976948447526 0.7884863999999999 0.6003921492541442 0.7059564011718747 0.7680532550204203 0.5620950500000005 0.9353479781088904 0.3354999222656252 0.8694649252590003 0.0 0.0 
0.6004117557368378 0.6957606899985522 0.5008976948447526 0.87499717950388 0.6003921492541442 0.863717098925281 0.7680532550204203 0.6591455741499428 0.9353479781088904 0.2297941242347042 0.8694649252590003 0.442633109113109 0.0 0.0 
0.6957606899985522 0.6138654815287431 0.87499717950388 0.3828199037744718 0.863717098925281 0.4237555390177584 0.6591455741499428 0.8312889390453947 0.2297941242347042 0.6725573818672562 0.442633109113109 0.962165255336889 0.0 0.0 
0.6138654815287431 0.6874004911370597 0.3828199037744718 0.826940887670016 0.4237555390177584 0.8790724158102988 0.8312889390453947 0.518916263804854 0.6725573818672562 0.8368510098598481 0.962165255336889 0.1419727793616139 0.0 0.0 
0.6874004911370597 0.6231550621726075 0.826940887670016 0.500883795893397 0.8790724158102988 0.3826947728582781 0.518916263804854 0.9236760473655612 0.8368510098598481 0.5188193091943221 0.1419727793616139 0.4750843861996143 0.0 0.0 
0.6231550621726075 0.6810152089176574 0.500883795893397 0.8749972661668659 0.3826947728582781 0.8504621412668244 0.9236760473655612 0.2608448454881706 0.5188193091943221 0.9486541676855043 0.4750843861996143 0.9725789275369049 0.0 0.0 
0.6810152089176574 0.6299771330074408 0.8749972661668659 0.3828196762858185 0.8504621412668244 0.4578346351392207 0.2608448454881706 0.7133778046605651 0.9486541676855043 0.1850958637100242 0.9725789275369049 0.1040097132674683 0.0 0.0 
0.6299771330074408 0.6760072401959815 0.3828196762858185 0.8269407010698389 0.4578346351392207 0.8935994952221666 0.7133778046605651 0.7565386761694797 0.1850958637100242 0.5731744628003645 0.1040097132674683 0.3634476019726006 0.0 0.0 
0.6760072401959815 0.6351622090559228 0.8269407010698389 0.5008842229438679 0.8935994952221666 0.3422859744990803 0.7565386761694797 0.6814952582280802 0.5731744628003645 0.9296528923767365 0.3634476019726006 0.90227842611257 0.0 0.0 
0.6351622090559228 0.6720204140050567 0.5008842229438679 0.8749972635242493 0.3422859744990803 0.8104546301770629 0.6814952582280802 0.8031200435906732 0.9296528923767365 0.2485138898747569 0.90227842611257 0.3438710647491348 0.0 0.0 
0.6720204140050567 0.6391860337800337 0.8749972635242493 0.3828196832226365 0.8104546301770629 0.5530245213658432 0.8031200435906732 0.5850374849422769 0.2485138898747569 0.7096679983734816 0.3438710647491348 0.8799326467519814 0.0 0.0 
0.6391860337800337 0.6688190192016916 0.3828196832226365 0.8269407067598487 0.5530245213658432 0.8898782404821237 0.5850374849422769 0.8982439167723606 0.7096679983734816 0.7829494557406192 0.8799326467519814 0.4120396173349332 0.0 0.0 
0.6688190192016916 0.6423504023917588 0.8269407067598487 0.5008842099217973 0.8898782404821237 0.3527818473548279 0.8982439167723606 0.3381865961890938 0.7829494557406192 0.6457705008851319 0.4120396173349332 0.9448255872175185 0.0 0.0 
0.6423504023917588 0.6662354525228226 0.5008842099217973 0.8749972636048496 0.3527818473548279 0.8219765359142742 0.3381865961890938 0.8281207626843758 0.6457705008851319 0.8692536520724515 0.9448255872175185 0.2033077681307003 0.0 0.0 
0.6662354525228226 0.6448607455411439 0.8749972636048496 0.3828196830110622 0.8219765359142742 0.5267919971543187 0.8281207626843758 0.5266460308530669 0.8692536520724515 0.4318766136383962 0.2033077681307003 0.6316975062388134 0.0 0.0 
0.6448607455411439 0.6641445567636655 0.3828196830110622 0.8269407065863023 0.5267919971543187 0.8974158799985388 0.5266460308530669 0.9223729594471765 0.4318766136383962 0.932364976076385 0.6316975062388134 0.907357490716863 0.0 0.0 
0.6641445567636655 0.6468640370060934 0.8269407065863023 0.500884210318973 0.8974158799985388 0.3314182259699533 0.9223729594471765 0.2649240075729852 0.932364976076385 0.2396300043573746 0.907357490716863 0.3278335115517574 0.0 0.0 
0.6468640370060934 0.6624497684393912 0.500884210318973 0.8749972636023914 0.3314182259699533 0.7976886676735762 0.2649240075729852 0.7205353278024802 0.2396300043573746 0.6923883684024251 0.3278335115517574 0.8593989309960643 0.0 0.0 
0.6624497684393912 0.6484692109285657 0.8749972636023914 0.3828196830175151 0.7976886676735762 0.5809732456994321 0.7205353278024802 0.7450474260068947 0.6923883684024251 0.8093495196731204 0.8593989309960643 0.4712463927556561 0.0 0.0 
0.6484692109285657 0.6610749908781223 0.3828196830175151 0.8269407065915954 0.5809732456994321 0.8763960005312379 0.7450474260068947 0.7028215083273633 0.8093495196731204 0.5863509237764368 0.4712463927556561 0.9717755972747083 0.0 0.0 
0.6610749908781223 0.6497590572094772 0.8269407065915954 0.5008842103068593 0.8763960005312379 0.3899737828227181 0.7028215083273633 0.7727947123113093 0.5863509237764368 0.9216653682592327 0.9717755972747083 0.1069683646827597 0.0 0.0 
0.6497590572094772 0.6599594518728127 0.5008842103068593 0.8749972636024664 0.3899737828227181 0.8564192335211674 0.7727947123113093 0.6496572662594631 0.9216653682592327 0.2743536054010614 0.1069683646827597 0.3725519211954379 0.0 0.0 
0.6599594518728127 0.650797623893993 0.8749972636024664 0.3828196830173181 0.8564192335211674 0.4426751879142606 0.6496572662594631 0.8421299998262535 0.2743536054010614 0.7565180774971003 0.3725519211954379 0.9116522501152019 0.0 0.0 
0.650797623893993 0.659054222220985 0.3828196830173181 0.8269407065914337 0.4426751879142606 0.8881699173096048 0.8421299998262535 0.4919041339098849 0.7565180774971003 0.6999542084853282 0.9116522501152019 0.3141154574028559 0.0 0.0 
0.659054222220985 0.6516350877416648 0.8269407065914337 0.5008842103072292 0.8881699173096048 0.3575668150650764 0.4919041339098849 0.9247574907233286 0.6999542084853282 0.7980695951342224 0.3141154574028559 0.8402430536114569 0.0 0.0 
0.6516350877416648 0.6583197204801751 0.5008842103072292 0.8749972636024641 0.3575668150650764 0.826966036185458 0.9247574907233286 0.2574499740753594 0.7980695951342224 0.6123871625347789 0.8402430536114569 0.5235151914296899 0.0 0.0 
0.6583197204801751 0.6523111117105298 0.8749972636024641 0.3828196830173242 0.826966036185458 0.5151355602522111 0.2574499740753594 0.7073270942186378 0.6123871625347789 0.9020026776500485 0.5235151914296899 0.9728434395108977 0.0 0.0 
0.6523111117105298 0.6577238432235573 0.3828196830173242 0.8269407065914387 0.5151355602522111 0.899175293337066 0.7073270942186378 0.7659572612105675 0.9020026776500485 0.3358966192163266 0.9728434395108977 0.1030344186748657 0.0 0.0 
0.6577238432235573 0.6528572489084931 0.8269407065914387 0.5008842103072179 0.899175293337066 0.3263727066813623 0.7659572612105675 0.6632869202746837 0.3358966192163266 0.8476663055784008 0.1030344186748657 0.360431476248473 0.0 0.0 
0.6528572489084931 0.6572405182227683 0.5008842103072179 0.8749972636024641 0.3263727066813623 0.7914728268534376 0.6632869202746837 0.8263483121686737 0.8476663055784008 0.4906869318687708 0.360431476248473 0.8990304459934958 0.0 0.0 
0.6572405182227683 0.6532987163442023 0.8749972636024641 0.3828196830173242 0.7914728268534376 0.5941569283418376 0.8263483121686737 0.5309380828352344 0.4906869318687708 0.9496704136955357 0.8990304459934958 0.3540213423639041 0.0 0.0 
0.6532987163442023 0.6568485603449373 0.3828196830173242 0.8269407065914387 0.5941569283418376 0.8680841022428282 0.5309380828352344 0.9214584896127767 0.9496704136955357 0.1816267723781659 0.3540213423639041 0.8918919029075777 0.0 0.0 
0.6568485603449373 0.6536557344413896 0.8269407065914387 0.5008842103072179 0.8680841022428282 0.4122507372339284 0.9214584896127767 0.267779143673273 0.1816267723781659 0.5648262541478919 0.8918919029075777 0.376040872098363 0.0 0.0 
0.6536557344413896 0.6565307542925037 0.5008842103072179 0.8749972636024641 0.4122507372339284 0.8722802407824394 0.267779143673273 0.7254718533814621 0.5648262541478919 0.9340307157379811 0.376040872098363 0.9150731249784758 0.0 0.0 
0.6565307542925037 0.6539445565857974 0.8749972636024641 0.3828196830173242 0.8722802407824394 0.4010667203626883 0.7254718533814621 0.7369010403310953 0.9340307157379811 0.2341458836247081 0.9150731249784758 0.3030857735903501 0.0 0.0 
0.6539445565857974 0.6562731131430464 0.3828196830173242 0.8269407065914387 0.4010667203626883 0.8647639422487396 0.7369010403310953 0.7173482192331657 0.2341458836247081 0.6814220374639884 0.3030857735903501 0.8237766710062077 0.0 0.0 
0.6562731131430464 0.6541782709148838 0.8269407065914387 0.5008842103072179 0.8647639422487396 0.4210101591665693 0.7173482192331657 0.7502110809058354 0.6814220374639884 0.8249269684251775 0.8237766710062077 0.566157802517338 0.0 0.0 
0.6541782709148838 0.6560642762553204 0.5008842103072179 0.8749972636024641 0.4210101591665693 0.8775381781623933 0.7502110809058354 0.6933593354701539 0.8249269684251775 0.5488053677220899 0.566157802517338 0.9579302661476999 0.0 0.0 
0.6560642762553204 0.6543674308630187 0.8749972636024641 0.3828196830173242 0.8775381781623933 0.3868737265073554 0.6933593354701539 0.7866650193301997 0.5488053677220899 0.940948537109744 0.9579302661476999 0.1571694982489971 0.0 0.0 
0.6543674308630187 0.6558950192373783 0.3828196830173242 0.8269407065914387 0.3868737265073554 0.8539288064844026 0.7866650193301997 0.6209457167619401 0.940948537109744 0.2111446729589515 0.1571694982489971 0.516622263569707 0.0 0.0 
0.6558950192373783 0.6545205546332347 0.8269407065914387 0.5008842103072179 0.8539288064844026 0.4490438397858947 0.6209457167619401 0.8708768943086801 0.2111446729589515 0.6329378801520338 0.516622263569707 0.9739224313798948 0.0 0.0 
0.6545205546332347 0.6557578547679288 0.5008842103072179 0.8749972636024641 0.4490438397858947 0.890652491050444 0.8708768943086801 0.4160662182914081 0.6329378801520338 0.8828445760785973 0.9739224313798948 0.09905036323637888 0.0 0.0 
0.6557578547679288 0.6546445229664691 0.8749972636024641 0.3828196830173242 0.890652491050444 0.3506062724498981 0.4160662182914081 0.8989339450659495 0.8828445760785973 0.3930341161553565 0.09905036323637888 0.3480336162385691 0.0 0.0 
0.6546445229664691 0.6556467073977723 0.3828196830173242 0.8269407065914387 0.3506062724498981 0.8196534510072693 0.8989339450659495 0.3361513176542366 0.3930341161553565 0.90652153883467 0.3480336162385691 0.8849342510052466 0.0 0.0 
0.6556467073977723 0.6547448971810735 0.8269407065914387 0.5008842103072179 0.8196534510072693 0.5321580165329158 0.3361513176542366 0.8256683543861615 0.90652153883467 0.3220129061612692 0.8849342510052466 0.3971199273718163 0.0 0.0 
0.6547448971810735 0.655556648709615 0.5008842103072179 0.8749972636024641 0.5321580165329158 0.8962771031016074 0.8256683543861615 0.5325784549202153 0.3220129061612692 0.8296182588220027 0.3971199273718163 0.9337211935584767 0.0 0.0 
0.655556648709615 0.6548261742224769 0.8749972636024641 0.3828196830173242 0.8962771031016074 0.334672047206633 0.5325784549202153 0.9210729838175427 0.8296182588220027 0.5371368531143748 0.9337211935584767 0.2413551124070205 0.0 0.0 
0.6548261742224769 0.6554836817493306 0.3828196830173242 0.8269407065914387 0.334672047206633 0.8016000048905553 0.9210729838175427 0.2689809065062684 0.5371368531143748 0.9447592457348931 0.2413551124070205 0.7141010062758585 0.0 0.0 
0.6554836817493306 0.6548919916580513 0.8269407065914387 0.5008842103072179 0.8016000048905553 0.5725347733800614 0.2689809065062684 0.7275316602329377 0.9447592457348931 0.19831901066665 0.7141010062758585 0.7962269605354927 0.0 0.0 
0.6548919916580513 0.6554245656685863 0.5008842103072179 0.8749972636024641 0.5725347733800614 0.8810593439425313 0.7275316602329377 0.7334485712890791 0.19831901066665 0.6041566065644344 0.7962269605354927 0.6327733926224242 0.0 0.0 
0.6554245656685863 0.6549452927215208 0.8749972636024641 0.3828196830173242 0.8810593439425313 0.3772575950187156 0.7334485712890791 0.7233565288834246 0.6041566065644344 0.9087753249741302 0.6327733926224242 0.9062477822249732 0.0 0.0 
0.6549452927215208 0.6553766731639824 0.3828196830173242 0.8269407065914387 0.3772575950187156 0.8457634872698773 0.7233565288834246 0.7404138857190472 0.9087753249741302 0.3150303880307183 0.9062477822249732 0.331354683805434 0.0 0.0 
0.6553766731639824 0.6549884593658297 0.8269407065914387 0.5008842103072179 0.8457634872698773 0.4696113991355043 0.7404138857190472 0.711144305147835 0.3150303880307183 0.8199877220621468 0.331354683805434 0.8640791535699761 0.0 0.0 
0.6549884593658297 0.6553378746438789 0.5008842103072179 0.8749972636024641 0.4696113991355043 0.8966755185749942 0.711144305147835 0.7600469048934604 0.8199877220621468 0.5609098593720175 0.8640791535699761 0.458040842749502 0.0 0.0 
0.6553378746438789 0.6550234196332554 0.8749972636024641 0.3828196830173242 0.8966755185749942 0.333534718667734 0.7600469048934604 0.6747897468447268 0.5609098593720175 0.9359019583188679 0.458040842749502 0.9681337735790292 0.0 0.0 
0.6550234196332554 0.6553064441591137 0.3828196830173242 0.8269407065914387 0.333534718667734 0.8002415163994905 0.6747897468447268 0.8119596142724385 0.9359019583188679 0.2279600343883486 0.9681337735790292 0.1203180031351671 0.0 0.0 
0.6553064441591137 0.6550517343676912 0.8269407065914387 0.5008842103072179 0.8002415163994905 0.5754781145884842 0.8119596142724385 0.5649204365330682 0.2279600343883486 0.6687781770180438 0.1203180031351671 0.4127821669012588 0.0 0.0 
0.6550517343676912 0.6552809830417557 0.5008842103072179 0.8749972636024641 0.5754781145884842 0.8794909951854036 0.5649204365330682 0.9094057466053168 0.6687781770180438 0.8417529224573704 0.4127821669012588 0.9453328933992844 0.0 0.0 
0.6552809830417557 0.6550746672861992 0.8749972636024641 0.3828196830173242 0.8794909951854036 0.3815517044634911 0.9094057466053168 0.3048316581922095 0.8417529224573704 0.5061787719690168 0.9453328933992844 0.2015465948208242 0.0 0.0 
0.6550746672861992 0.6552603579416163 0.3828196830173242 0.8269407065914387 0.3815517044634911 0.8494920046241851 0.3048316581922095 0.7840644779171908 0.5061787719690168 0.9498549265524285 0.2015465948208242 0.6276097032541235 0.0 0.0 
0.6552603579416163 0.6550932416303394 0.8269407065914387 0.5008842103072179 0.8494920046241851 0.460279219333567 0.7840644779171908 0.6264372778268452 0.9498549265524285 0.1809960712147347 0.6276097032541235 0.9114914781780388 0.0 0.0 
0.6550932416303394 0.6552436505617201 0.5008842103072179 0.8749972636024641 0.460279219333567 0.8943201344996969 0.6264372778268452 0.8658503746702275 0.1809960712147347 0.5632986749943484 0.9114914781780388 0.3146315772087253 0.0 0.0 
0.6552436505617201 0.6551082859847845 0.8749972636024641 0.3828196830173242 0.8943201344996969 0.3402418735013073 0.8658503746702275 0.4297679624085203 0.5632986749943484 0.9347744554270475 0.3146315772087253 0.8409903365443133 0.0 0.0 
0.6551082859847845 0.6552301168947007 0.3828196830173242 0.8269407065914387 0.3402418735013073 0.8081184276634596 0.4297679624085203 0.9067496053142712 0.9347744554270475 0.2316904570508342 0.8409903365443133 0.5215298024952442 0.0 0.0 
0.6552301168947007 0.6551204713456869 0.8269407065914387 0.5008842103072179 0.8081184276634596 0.5582269243231106 0.9067496053142712 0.3128526067337331 0.2316904570508342 0.6764379588171572 0.5215298024952442 0.9731922236576114 0.0 0.0 
0.6551204713456869 0.6552191541715267 0.5008842103072179 0.8749972636024641 0.5582269243231106 0.8877946510219347 0.3128526067337331 0.7954106568164726 0.6764379588171572 0.8317046574160535 0.9731922236576114 0.1017475659328639 0.0 0.0 
0.6552191541715267 0.655130341117 0.8749972636024641 0.3828196830173242 0.8877946510219347 0.3586151110995933 0.7954106568164726 0.602110412205263 0.8317046574160535 0.5318936769442946 0.1017475659328639 0.3564404951624454 0.0 0.0 
0.655130341117 0.6552102740682774 0.3828196830173242 0.8269407065914387 0.3586151110995933 0.8280371274862308 0.602110412205263 0.8864218157613039 0.5318936769442946 0.9461346148096973 0.3564404951624454 0.8946236074261049 0.0 0.0 
0.6552102740682774 0.6551383353885857 0.8269407065914387 0.5008842103072179 0.8280371274862308 0.5126099147660964 0.8864218157613039 0.3725092671238266 0.9461346148096973 0.1936628407806915 0.8946236074261049 0.367661613001829 0.0 0.0 
0.6551383353885857 0.6552030809892903 0.5008842103072179 0.8749972636024641 0.5126099147660964 0.8994275641785304 0.3725092671238266 0.8648606182135762 0.1936628407806915 0.5933986705494873 0.367661613001829 0.906697550174217 0.0 0.0 
0.6552030809892903 0.6551448105891522 0.8749972636024641 0.3828196830173242 0.8994275641785304 0.3256474355078615 0.8648606182135762 0.432443898324186 0.5933986705494873 0.9168514156904357 0.906697550174217 0.3299287004609318 0.0 0.0 
0.6551448105891522 0.6551972544670427 0.3828196830173242 0.8269407065914387 0.3256474355078615 0.7905642597180528 0.432443898324186 0.9081138405675583 0.9168514156904357 0.2896926095001424 0.3299287004609318 0.8621954369850608 0.0 0.0 
0.6551972544670427 0.6551500553970868 0.8269407065914387 0.5008842103072179 0.7905642597180528 0.5960606795081999 0.9081138405675583 0.3087394446076312 0.2896926095001424 0.7819290457043333 0.8621954369850608 0.4633764151660832 0.0 0.0 
0.6551500553970868 0.6551925348998145 0.5008842103072179 0.8749972636024641 0.5960606795081999 0.8667804450687224 0.3087394446076312 0.7896517798187097 0.7819290457043333 0.6479608501153269 0.4633764151660832 0.9697689808322603 0.0 0.0 
0.6551925348998145 0.6551543036229726 0.8749972636024641 0.3828196830173242 0.8667804450687224 0.4156995784146836 0.7896517798187097 0.6145768318570588 0.6479608501153269 0.8668088299659691 0.9697689808322603 0.114336708126496 0.0 0.0 
0.6551543036229726 0.6551887119950842 0.3828196830173242 0.8269407065914387 0.4156995784146836 0.8744163801139366 0.6145768318570588 0.8764269535259174 0.8668088299659691 0.4387148725841877 0.114336708126496 0.3949289186750406 0.0 0.0 
0.6551887119950842 0.6551577446409897 0.8269407065914387 0.5008842103072179 0.8744163801139366 0.3953245474885541 0.8764269535259174 0.4007201700390283 0.4387148725841877 0.935727705998985 0.3949289186750406 0.9319442646898946 0.0 0.0 
0.6551577446409897 0.6551856154059721 0.5008842103072179 0.8749972636024641 0.3953245474885541 0.8605549787094865 0.4007201700390283 0.888531006842806 0.935727705998985 0.2285371916544759 0.9319442646898946 0.2473541935858746 0.0 0.0 
0.6551856154059721 0.6551605318361021 0.8749972636024641 0.3828196830173242 0.8605549787094865 0.4320003863800863 0.888531006842806 0.3664615298703472 0.2285371916544759 0.6699701860036127 0.2473541935858746 0.7260633763552895 0.0 0.0 
0.6551605318361021 0.6551831071449801 0.3828196830173242 0.8269407065914387 0.4320003863800863 0.8833537891711527 0.3664615298703472 0.8590196648830978 0.6699701860036127 0.8402185163056098 0.7260633763552895 0.7756918644963023 0.0 0.0 
0.6551831071449801 0.6551627894448059 0.8269407065914387 0.5008842103072179 0.8833537891711527 0.3709435403812298 0.8590196648830978 0.4480880568407442 0.8402185163056098 0.510155172418676 0.7756918644963023 0.6785765838171546 0.0 0.0 
0.6551627894448059 0.6551810754379498 0.5008842103072179 0.8749972636024641 0.3709435403812298 0.8400399488304076 0.4480880568407442 0.9150290555824919 0.510155172418676 0.9496081153979583 0.6785765838171546 0.8506305744775596 0.0 0.0 
0.6551810754379498 0.6551646180951719 0.8749972636024641 0.3828196830173242 0.8400399488304076 0.4837421995178897 0.9150290555824919 0.2876782671825279 0.9496081153979583 0.1818396617595256 0.8506305744775596 0.4955269809419923 0.0 0.0 
0.6551646180951719 0.6551794297450003 0.3828196830173242 0.8269407065914387 0.4837421995178897 0.8990484621245421 0.2876782671825279 0.7582020825615281 0.1818396617595256 0.5653411968486862 0.4955269809419923 0.974921969191976 0.0 0.0 
0.6551794297450003 0.6551660992936478 0.8269407065914387 0.5008842103072179 0.8990484621245421 0.3267371695537363 0.7582020825615281 0.6783272328752924 0.5653411968486862 0.9337760063786485 0.974921969191976 0.09535158039738144 0.0 0.0 
0.6551660992936478 0.6551780967269821 0.5008842103072179 0.8749972636024641 0.3267371695537363 0.7919279697086974 0.6783272328752924 0.8073377726556525 0.9337760063786485 0.2349858299027245 0.09535158039738144 0.3364126604011022 0.0 0.0 
0.6551780967269821 0.655167299058955 0.8749972636024641 0.3828196830173242 0.7919279697086974 0.5932010178063284 0.8073377726556525 0.5755109259465311 0.2349858299027245 0.6831164606610788 0.3364126604011022 0.8706328110595242 0.0 0.0 
0.655167299058955 0.6551770169779716 0.3828196830173242 0.8269407065914387 0.5932010178063284 0.868728853007512 0.5755109259465311 0.9039029702319807 0.6831164606610788 0.8225797749728464 0.8706328110595242 0.4392621455278487 0.0 0.0 
0.6551770169779716 0.6551682708652731 0.8269407065914387 0.5008842103072179 0.868728853007512 0.4105405186551526 0.9039029702319807 0.3213908453597996 0.8225797749728464 0.5545806973581775 0.4392621455278487 0.960612560833067 0.0 0.0 
0.6551682708652731 0.6551761423783756 0.5008842103072179 0.8749972636024641 0.4105405186551526 0.8711892043110393 0.3213908453597996 0.8069654485512382 0.5545806973581775 0.9386796004084011 0.960612560833067 0.1475606683309362 0.0 0.0 
0.6551761423783756 0.6551690580260416 0.8749972636024641 0.3828196830173242 0.8711892043110393 0.4039868685705751 0.8069654485512382 0.5763571895642274 0.9386796004084011 0.2187287911049969 0.1475606683309362 0.4905674182213882 0.0 0.0 
0.6551690580260416 0.6551754339508017 0.3828196830173242 0.8269407065914387 0.4039868685705751 0.8668133229352175 0.5763571895642274 0.9034274445268548 0.2187287911049969 0.6493687267776252 0.4905674182213882 0.9746530029638603 0.0 0.0 
0.6551754339508017 0.655169695624723 0.8269407065914387 0.5008842103072179 0.8668133229352175 0.4156127500220058 0.9034274445268548 0.3228112989093667 0.6493687267776252 0.8652181371511583 0.9746530029638603 0.09634765443181968 0.0 0.0 
0.655169695624723 0.6551748601232192 0.5008842103072179 0.8749972636024641 0.4156127500220058 0.8743636513481454 0.3228112989093667 0.8088354075615125 0.8652181371511583 0.4431397067241835 0.09634765443181968 0.3395526572774947 0.0 0.0 
0.6551748601232192 0.6551702120786441 0.8749972636024641 0.3828196830173242 0.8743636513481454 0.3954666835774232 0.8088354075615125 0.5720965568343636 0.4431397067241835 0.9377142467846348 0.3395526572774947 0.874600935831819 0.0 0.0 
0.6551702120786441 0.6551743953220589 0.3828196830173242 0.8269407065914387 0.3954666835774232 0.8606620287277107 0.5720965568343636 0.9057677200227289 0.9377142467846348 0.2219437050146874 0.874600935831819 0.4277291416083092 0.0 0.0 
0.6551743953220589 0.6551706304056568 0.8269407065914387 0.5008842103072179 0.8606620287277107 0.4317224437224432 0.9057677200227289 0.3158044623339584 0.2219437050146874 0.6562018479123551 0.4277291416083092 0.9546299998065798 0.0 0.0 
0.6551706304056568 0.6551740188325821 0.5008842103072179 0.8749972636024641 0.4317224437224432 0.8832174311115543 0.3158044623339584 0.7994664144444962 0.6562018479123551 0.8572837342933087 0.9546299998065798 0.16891509677589 0.0 0.0 
