0.0 -2.0 0.0 1.0 0.0 0.0 0.0
0.10040160642570281 -1.88024899034 2.36135156501 0.94012449517 -1.18067578251 1.56303947918e-07 1.56303947918e-07
0.20080321285140562 -1.5353348554 4.43992969147 0.767667427698 -2.21996484573 1.98719548383e-07 1.98719548383e-07
0.30120481927710846 -1.00656133125 5.98682145617 0.503280665625 -2.99341072808 1.89400763459e-06 1.89400763459e-06
0.40160642570281124 -0.357251776002 6.81677577752 0.178625888001 -3.40838788876 6.37937816416e-06 6.37937816416e-06
0.5020080321285141 0.334838770376 6.83041383189 -0.167419385188 -3.41520691594 5.98505388155e-06 5.98505388155e-06
0.6024096385542169 0.986832173261 6.02610195344 -0.49341608663 -3.01305097672 1.74774562614e-06 1.74774562614e-06
0.7028112449799196 1.52065136036 4.50015376794 -0.760325680178 -2.25007688397 9.61593990681e-07 9.61593990681e-07
0.8032128514056225 1.8723685116 2.43530923413 -0.936184255799 -1.21765461707 5.4932728773e-07 5.4932728773e-07
0.9036144578313253 1.99986773168 0.0788334705446 -0.999933865841 -0.0394167352723 1.37875516887e-06 1.37875516887e-06
1.0040160642570282 1.88788001473 -2.287081118 -0.943940007366 1.143540559 2.29101023228e-06 2.29101023228e-06
1.104417670682731 1.5498163097 -4.37911308207 -0.77490815485 2.18955654104 3.40066013016e-06 3.40066013016e-06
1.2048192771084338 1.02616050632 -5.94673984495 -0.51308025316 2.97336992247 5.02796874234e-06 5.02796874234e-06
1.3052208835341366 0.379620873099 -6.80223626726 -0.18981043655 3.40111813363 1.10697060756e-05 1.10697060756e-05
1.4056224899598393 -0.312378655397 -6.84315389206 0.156189327699 3.42157694603 8.14011712889e-06 8.14011712889e-06
1.5060240963855422 -0.966969813581 -6.06459445786 0.48348490679 3.03229722893 4.17905712839e-08 4.17905712839e-08
1.606425702811245 -1.50576452713 -4.55979275902 0.752882263567 2.27989637951 2.10372322321e-06 2.10372322321e-06
1.7068273092369477 -1.86424265056 -2.50894936249 0.932121325278 1.25447468124 2.81124353689e-06 2.81124353689e-06
1.8072289156626506 -1.99947387413 -0.157658657073 0.999736937066 0.0788293285363 4.05039829481e-06 4.05039829481e-06
1.9076305220883534 -1.89526604407 2.21251101347 0.947633022033 -1.10625550674 4.9794925138e-06 4.9794925138e-06
2.0080321285140563 -1.56409712854 4.31773133806 0.782048564271 -2.15886566903 6.49077784e-06 6.49077784e-06
2.108433734939759 -1.04562572817 5.90589158082 0.522812864083 -2.95294579041 9.05298309442e-06 9.05298309442e-06
2.208835341365462 -0.401939511261 6.78681497046 0.200969755631 -3.39340748523 1.84574987393e-05 1.84574987393e-05
2.3092369477911645 0.289878784456 6.85501003837 -0.144939392228 -3.42750501919 1.30460213903e-05 1.30460213903e-05
2.4096385542168677 0.946983928397 6.1023089883 -0.473491964198 -3.05115449415 1.0331183596e-07 1.0331183596e-07
2.5100401606425704 1.49068645948 4.61884836114 -0.745343229739 -2.30942418057 2.69583893244e-06 2.69583893244e-06
2.610441767068273 1.85587705217 2.58227421835 -0.927938526083 -1.29113710918 4.17586975894e-06 4.17586975894e-06
2.710843373493976 1.9988237137 0.236470038011 -0.999411856851 -0.118235019006 5.39717716931e-06 5.39717716931e-06
2.8112449799196786 1.90240880475 -2.13765071817 -0.951204402376 1.06882535909 6.49672759006e-06 6.49672759006e-06
2.9116465863453813 1.57817806317 -4.25578459334 -0.789089031585 2.12789229667 7.82495569799e-06 7.82495569799e-06
3.0120481927710845 1.06495832314 -5.86428339259 -0.532479161568 2.93214169629 1.03085944622e-05 1.03085944622e-05
3.112449799196787 0.424208345705 -6.77052378182 -0.212104172853 3.38526189091 1.97604339713e-05 1.97604339713e-05
3.21285140562249 -0.267340537551 -6.86598490231 0.133670268776 3.43299245116 1.56607485115e-05 1.56607485115e-05
3.3132530120481927 -0.926875189038 -6.13923683994 0.463437594519 3.06961841997 3.93363675509e-07 3.93363675509e-07
3.4136546184738954 -1.47541603138 -4.67730395482 0.737708015691 2.33865197741 2.82580531757e-06 2.82580531757e-06
3.5140562248995986 -1.84727126694 -2.65526131058 0.923635633468 1.32763065529 5.46120425898e-06 5.46120425898e-06
3.6144578313253013 -1.99791417524 -0.315247398017 0.998957087622 0.157623699008 6.99946687674e-06 6.99946687674e-06
3.714859437751004 -1.90930409725 2.06251617491 0.954652048625 -1.03125808746 8.57124967808e-06 8.57124967808e-06
3.8152610441767068 -1.59205247893 4.19328912811 0.796026239463 -2.09664456406 1.04719956358e-05 1.04719956358e-05
3.9156626506024095 -1.08415079847 5.82190911449 0.542075399234 -2.91095455725 1.35449513959e-05 1.35449513959e-05
4.016064257028113 -0.446420969874 6.75334737918 0.223210484937 -3.37667368959 2.37797401951e-05 2.37797401951e-05
4.116465863453815 0.24476811621 6.87606225419 -0.122384058105 -3.4380311271 2.0592226241e-05 2.0592226241e-05
4.216867469879518 0.906645353477 6.17535843656 -0.453322676739 -3.08767921828 1.8607012998e-06 1.8607012998e-06
4.317269076305221 1.4599500089 4.73514821163 -0.729975004448 -2.36757410581 6.0488729843e-06 6.0488729843e-06
4.417670682730924 1.83842321022 2.72789911486 -0.919211605108 -1.36394955743 8.40663845945e-06 8.40663845945e-06
4.518072289156627 1.99674283185 0.393983351141 -0.998371415925 -0.19699167557 1.01324448953e-05 1.01324448953e-05
4.618473895582329 1.91595058967 -1.98711143079 -0.957975294836 0.993555715394 1.14266332451e-05 1.14266332451e-05
4.718875502008032 1.60572054104 -4.13024742933 -0.802860270521 2.06512371466 1.31765949947e-05 1.31765949947e-05
4.819277108433735 1.10320338295 -5.7787805457 -0.551601691473 2.88939027285 1.61990328115e-05 1.61990328115e-05
4.919678714859438 0.468576141238 -6.73529590277 -0.234288070619 3.36764795138 2.66424684375e-05 2.66424684375e-05
5.020080321285141 -0.222163398102 -6.8852504836 0.111081699051 3.4426252418 2.38410668536e-05 2.38410668536e-05
5.120481927710843 -0.886298381444 -6.21068849047 0.443149190722 3.10534424524 3.07471177046e-06 3.07471177046e-06
5.220883534136546 -1.44429819533 -4.7923879147 0.722149097663 2.39619395735 7.06451437515e-06 7.06451437515e-06
5.321285140562249 -1.82934148258 -2.80018970286 0.914670741291 1.40009485143 8.9620020696e-06 8.9620020696e-06
5.421686746987952 -1.99531691555 -0.472670271648 0.997658457775 0.236335135824 1.12511708239e-05 1.12511708239e-05
5.522088353413655 -1.92235138462 1.91145274646 0.961175692308 -0.955726373231 1.2993792566e-05 1.2993792566e-05
5.622489959839357 -1.61918219618 4.06667630046 0.809591098088 -2.03333815023 1.48777016672e-05 1.48777016672e-05
5.72289156626506 -1.12211303344 5.73491223049 0.561056516721 -2.86745611525 1.88141261981e-05 1.88141261981e-05
5.823293172690763 -0.490669419532 6.7163804636 0.245334709766 -3.3581902318 3.17074789187e-05 3.17074789187e-05
5.923694779116466 0.199531906431 6.8935537622 -0.0997659532155 -3.4467768811 3.78455434129e-05 3.78455434129e-05
6.024096385542169 0.865839003402 6.2452151678 -0.432919501701 -3.1226075839 1.5978924723e-06 1.5978924723e-06
6.124497991967871 1.42846136388 4.84900178237 -0.71423068194 -2.42450089119 6.67821755431e-06 6.67821755431e-06
6.224899598393574 1.82002176379 2.8721150424 -0.910010881894 -1.4360575212 1.01116159981e-05 1.01116159981e-05
6.325301204819277 1.99363238619 0.551289801952 -0.996816193095 -0.275644900976 1.24707538641e-05 1.24707538641e-05
6.42570281124498 1.92850335474 -1.83555177954 -0.964251677372 0.917775889768 1.44777336614e-05 1.44777336614e-05
6.526104417670683 1.63243362565 -4.00258349908 -0.816216812824 2.00129174954 1.68718173293e-05 1.68718173293e-05
6.626506024096385 1.14087725674 -5.6903022685 -0.570438628371 2.84515113425 2.14315811376e-05 2.14315811376e-05
6.7269076305220885 0.51269984885 -6.69659420232 -0.256349924425 3.34829710116 3.49749722181e-05 3.49749722181e-05
6.827309236947791 -0.176873747157 -6.90096144279 0.0884368735785 3.45048072139 5.07660294948e-05 5.07660294948e-05
6.927710843373494 -0.84526626982 -6.27893106438 0.42263313491 3.13946553219 1.49256633778e-06 1.49256633778e-06
7.028112449799197 -1.41243698984 -4.90499058325 0.706218494922 2.45249529162 8.08231833114e-06 8.08231833114e-06
7.128514056224899 -1.81046627282 -2.94367118158 0.905233136411 1.47183559079 1.1305998877e-05 1.1305998877e-05
7.228915662650603 -1.99169022509 -0.629845211547 0.995845112547 0.314922605773 1.34085992137e-05 1.34085992137e-05
7.329317269076305 -1.93440669331 1.75940615153 0.967203346655 -0.879703075766 1.53678564378e-05 1.53678564378e-05
7.429718875502008 -1.6454755869 3.93796634791 0.82273779345 -1.96898317395 1.76490969581e-05 1.76490969581e-05
7.530120481927711 -1.15949678096 5.64495004588 0.579748390482 -2.82247502294 2.13281551744e-05 2.13281551744e-05
7.6305220883534135 -0.534666997413 6.67594413588 0.267333498707 -3.33797206794 3.21392834662e-05 3.21392834662e-05
7.730923694779117 0.154190212279 6.90748710116 -0.0770951061393 -3.45374355058 5.14758407037e-05 5.14758407037e-05
7.831325301204819 0.824583035082 6.31184883588 -0.412291517541 -3.15592441794 2.63094799516e-06 2.63094799516e-06
7.931726907630522 1.39623108228 4.96035870628 -0.698115541138 -2.48017935314 8.52145580513e-06 8.52145580513e-06
8.032128514056225 1.80067872084 3.01485893227 -0.90033936042 -1.50742946614 1.11724794e-05 1.11724794e-05
8.132530120481928 1.98949251909 0.708324868856 -0.994746259544 -0.354162434428 1.31416440019e-05 1.31416440019e-05
8.23293172690763 1.94006136827 -1.68303138895 -0.970030684136 0.841515694477 1.52922505375e-05 1.52922505375e-05
8.333333333333334 1.65830521033 -3.87284033407 -0.829152605167 1.93642016703 1.79503224854e-05 1.79503224854e-05
8.433734939759036 1.17796513874 -5.59886965919 -0.588982569372 2.79943482959 2.20759318417e-05 2.20759318417e-05
8.534136546184738 0.5565626227 -6.6544254194 -0.27828131135 3.3272127097 3.36199634264e-05 3.36199634264e-05
8.634538152610443 -0.131488187013 -6.91310602206 0.0657440935065 3.45655301103 6.36790820036e-05 6.36790820036e-05
8.734939759036145 -0.803793047543 -6.34393461079 0.401896523771 3.1719673054 3.77859845558e-06 3.77859845558e-06
8.835341365461847 -1.37984270456 -5.01506870947 0.689921352282 2.50753435474 1.01615822293e-05 1.01615822293e-05
8.93574297188755 -1.79065438438 -3.08564198318 0.895327192191 1.54282099159 1.30349377045e-05 1.30349377045e-05
9.036144578313253 -1.98703287893 -0.786705906544 0.993516439464 0.393352953272 1.50244835572e-05 1.50244835572e-05
9.136546184738956 -1.9454616801 1.60643915607 0.972730840051 -0.803219578035 1.68124897293e-05 1.68124897293e-05
9.236947791164658 -1.67091900575 3.80721081467 0.835459502876 -1.90360540734 1.88808951364e-05 1.88808951364e-05
9.337349397590362 -1.19628177792 5.55206445811 0.598140888959 -2.77603222906 2.20978661838e-05 2.20978661838e-05
9.437751004016064 -0.578388165547 6.63205261541 0.289194082773 -3.3160263077 3.15334758806e-05 3.15334758806e-05
9.538152610441767 0.108768289713 6.91784329271 -0.0543841448563 -3.45892164636 7.32290118557e-05 7.32290118557e-05
9.63855421686747 0.782899686204 6.3752133098 -0.391449843102 -3.1876066549 4.05973759132e-06 4.05973759132e-06
9.738955823293173 1.36327788368 5.06914303446 -0.681638941842 -2.53457151723 1.01824106956e-05 1.01824106956e-05
9.839357429718875 1.78040179051 3.15603607018 -0.890200895254 -1.57801803509 1.28674095943e-05 1.28674095943e-05
9.939759036144578 1.98432023765 0.864989912416 -0.992160118827 -0.432494956208 1.4724370025e-05 1.4724370025e-05
10.040160642570282 1.95061379683 -1.52963994599 -0.975306898417 0.764819972996 1.63951098609e-05 1.63951098609e-05
10.140562248995984 1.68331883683 -3.7410935347 -0.841659418415 1.87054676735 1.83493209882e-05 1.83493209882e-05
10.240963855421686 1.21444438483 -5.50454571527 -0.607222192413 2.75227285764 2.1378601857e-05 2.1378601857e-05
10.34136546184739 0.600138755544 -6.60882226574 -0.300069377772 3.30441113287 2.96738420214e-05 2.96738420214e-05
10.441767068273093 -0.0860344965399 -6.92168543572 0.04301724827 3.46084271786 9.00428389751e-05 9.00428389751e-05
10.542168674698795 -0.76190510892 -6.40566706612 0.38095255446 3.20283353306 4.12249386927e-06 4.12249386927e-06
10.642570281124499 -1.34653673784 -5.12256169866 0.673268368922 2.56128084933 1.0029603241e-05 1.0029603241e-05
10.742971887550201 -1.76991893612 -3.22602250226 0.884959468061 1.61301125113 1.25165131443e-05 1.25165131443e-05
10.843373493975903 -1.98135100615 -0.943162532553 0.990675503076 0.471581266276 1.42209912704e-05 1.42209912704e-05
10.943775100401606 -1.95551372028 1.45264213535 0.977756860138 -0.726321067674 1.57586459031e-05 1.57586459031e-05
11.04417670682731 -1.69550116993 3.67449111075 0.847750584965 -1.83724555537 1.75244830579e-05 1.75244830579e-05
11.144578313253012 -1.232450182 5.4563150044 0.616225091001 -2.7281575022 2.02957241398e-05 2.02957241398e-05
11.244979919678714 -0.62181195378 6.58473785227 0.31090597689 -3.29236892614 2.74088707291e-05 2.74088707291e-05
11.345381526104418 0.0632893359103 6.92463151257 -0.0316446679552 -3.46231575628 0.000115383885001 0.000115383885001
11.44578313253012 0.740811739654 6.43529114115 -0.370405869827 -3.21764557057 4.34661589307e-06 4.34661589307e-06
11.546184738955823 1.32962106814 5.17531642792 -0.664810534069 -2.58765821396 9.97262936171e-06 9.97262936171e-06
11.646586345381525 1.75920662579 3.29559063951 -0.879603312895 -1.64779531976 1.22932645055e-05 1.22932645055e-05
11.74698795180723 1.97812478227 1.02121278738 -0.989062391137 -0.510606393688 1.391099155e-05 1.391099155e-05
11.847389558232932 1.96015902932 -1.3754563598 -0.98007951466 0.687728179902 1.58159734533e-05 1.58159734533e-05
11.947791164658634 1.70746167752 -3.60741055471 -0.853730838761 1.80370527735 1.80228698411e-05 1.80228698411e-05
12.048192771084338 1.25029372228 -5.40737025401 -0.62514686114 2.703685127 2.13562022038e-05 2.13562022038e-05
12.14859437751004 0.643401887002 -6.55978823931 -0.321700943501 3.27989411965 2.95446371541e-05 2.95446371541e-05
12.248995983935743 -0.0405374742764 -6.92666233674 0.0202687371382 3.46333116837 0.000206075899131 0.000206075899131
12.349397590361447 -0.719621912654 -6.46406190121 0.359810956327 3.23203095061 5.29882721408e-06 5.29882721408e-06
12.449799196787149 -1.31253059153 -5.22738157877 0.656265295767 2.61369078938 1.18999091435e-05 1.18999091435e-05
12.550200803212851 -1.74826157605 -3.3647146884 0.874130788023 1.6823573442 1.4871611232e-05 1.4871611232e-05
12.650602409638553 -1.97463643973 -1.09912268781 0.987318219863 0.549561343904 1.6602861891e-05 1.6602861891e-05
12.751004016064257 -1.96454615616 1.29809181734 0.982273078079 -0.649045908672 1.80720176764e-05 1.80720176764e-05
12.85140562248996 -1.71919893726 3.53985880272 0.859599468628 -1.76992940136 1.97433119415e-05 1.97433119415e-05
12.951807228915662 -1.26797545166 5.35772324878 0.633987725831 -2.67886162439 2.22955807103e-05 2.22955807103e-05
13.052208835341366 -0.664910594963 6.5339925802 0.332455297482 -3.2669962901 2.83801995503e-05 2.83801995503e-05
13.152610441767068 0.0177778842969 6.92780848095 -0.00888894214844 -3.46390424047 0.000389570635302 0.000389570635302
13.25301204819277 0.698337807169 6.49201146741 -0.349168903584 -3.24600573371 7.85481046759e-06 7.85481046759e-06
13.353413654618475 1.29527089487 5.27878781166 -0.647635447434 -2.63939390583 1.32860948725e-05 1.32860948725e-05
13.453815261044177 1.73709359136 3.43342239876 -0.868546795682 -1.71671119938 1.54770717944e-05 1.54770717944e-05
13.55421686746988 1.97089696801 1.17690008698 -0.985448484007 -0.588450043488 1.69666408717e-05 1.69666408717e-05
13.654618473895582 1.96868215596 -1.22055726783 -0.984341077979 0.610278633916 1.86404105231e-05 1.86404105231e-05
13.755020080321286 1.73071498893 -3.47184929398 -0.865357494467 1.73592464699 2.06045285602e-05 2.06045285602e-05
13.855421686746988 1.28549267265 -5.30738117924 -0.642746336325 2.65369058962 2.34361040549e-05 2.34361040549e-05
13.95582329317269 0.686330813327 -6.50734929315 -0.343165406663 3.25367464657 3.0750918005e-05 3.0750918005e-05
14.056224899598394 0.00498046053622 -6.92805002384 -0.00249023026811 3.46402501192 0.0018119436596 0.0018119436596
14.156626506024097 -0.676966277762 -6.51910820262 0.338483138881 3.25955410131 6.11301506113e-06 6.11301506113e-06
14.257028112449799 -1.27784439494 -5.32949302761 0.638922197469 2.66474651381 1.39676126427e-05 1.39676126427e-05
14.357429718875501 -1.72569891905 -3.50166509428 0.862849459524 1.75083254714 1.7084190721e-05 1.7084190721e-05
14.457831325301205 -1.96689900296 -1.25451132121 0.98344950148 0.627255660604 1.89793533452e-05 1.89793533452e-05
14.558232931726907 -1.97256064911 1.14287153906 0.986280324554 -0.571435769531 2.04944802194e-05 2.04944802194e-05
14.65863453815261 -1.74200564102 3.40339450884 0.871002820512 -1.70169725442 2.2173728963e-05 2.2173728963e-05
14.759036144578314 -1.30284333971 5.25635665744 0.651421669856 -2.62817832872 2.45986803834e-05 2.45986803834e-05
14.859437751004016 -0.707664185073 6.4798628447 0.353832092536 -3.23993142235 3.00946916452e-05 3.00946916452e-05
14.959839357429718 -0.0277416526886 6.92739770837 0.0138708263443 -3.46369885419 0.000276216921531 0.000276216921531
15.060240963855422 0.655503239577 6.54536916005 -0.327751619788 -3.27268458002 1.01066042398e-05 1.01066042398e-05
15.160642570281125 1.26025076008 5.37952457676 -0.630125380039 -2.68976228838 1.59694090074e-05 1.59694090074e-05
15.261044176706827 1.71408166871 3.56947530465 -0.857040834356 -1.78473765233 1.81767748518e-05 1.81767748518e-05
15.36144578313253 1.96264888983 1.33197610252 -0.981324444915 -0.665988051258 1.96824515977e-05 1.96824515977e-05
15.461847389558233 1.9761859613 -1.06502826652 -0.988092980648 0.53251413326 2.1184090854e-05 2.1184090854e-05
15.562248995983936 1.75307268091 -3.33449310486 -0.876536340455 1.66724655243 2.25839881665e-05 2.25839881665e-05
15.662650602409638 1.32002671346 -5.20464777208 -0.66001335673 2.60232388604 2.46405773607e-05 2.46405773607e-05
15.763052208835342 0.728905974881 -6.45153813102 -0.36445298744 3.22576906551 2.93830295176e-05 2.93830295176e-05
15.863453815261044 0.0504982659792 -6.925849822 -0.0252491329896 3.462924911 0.00014402355533 0.00014402355533
15.963855421686747 -0.633957076261 -6.57078212579 0.316978538131 3.28539106289 1.15795598298e-05 1.15795598298e-05
16.06425702811245 -1.24249520778 -5.42885476156 0.621247603889 2.71442738078 1.69827891842e-05 1.69827891842e-05
16.164658634538153 -1.70224277105 -3.63681553007 0.851121385527 1.81840776503 1.90816916271e-05 1.90816916271e-05
16.265060240963855 -1.95814489086 -1.40926298847 0.979072445429 0.704631494236 2.02361276561e-05 2.02361276561e-05
16.365461847389557 -1.97955689394 0.987051399075 0.989778446969 -0.493525699537 2.1084112043e-05 2.1084112043e-05
16.46586345381526 -1.76391421274 3.26516519114 0.881957106371 -1.63258259557 2.21194480271e-05 2.21194480271e-05
16.566265060240966 -1.33704045863 5.1522716755 0.668520229314 -2.57613583775 2.36871563767e-05 2.36871563767e-05
16.666666666666668 -0.750054313425 6.42238699989 0.375027156713 -3.21119349994 2.74449550501e-05 2.74449550501e-05
16.76706827309237 -0.0732479555115 6.92341095598 0.0366239777558 -3.46170547799 9.91858266862e-05 9.91858266862e-05
16.867469879518072 0.612329567877 6.59534889314 -0.306164783938 -3.29767444657 1.19163032506e-05 1.19163032506e-05
16.967871485943775 1.22457977823 5.47748501374 -0.612289889115 -2.73874250687 1.71768148235e-05 1.71768148235e-05
17.068273092369477 1.69018555373 3.70368277849 -0.845092776864 -1.85184138925 1.87336059915e-05 1.87336059915e-05
17.16867469879518 1.95338785685 1.486361112 -0.976693928423 -0.743180556 2.05025609773e-05 2.05025609773e-05
17.269076305220885 1.98266947411 -0.908952294406 -0.991334737055 0.454476147203 2.19821369483e-05 2.19821369483e-05
17.369477911646587 1.77452427032 -3.195418103 -0.887262135162 1.5977090515 2.33668462308e-05 2.33668462308e-05
17.46987951807229 1.35387660686 -5.09923038059 -0.676938303431 2.5496151903 2.60336395136e-05 2.60336395136e-05
17.570281124497992 0.771101362756 -6.39239457125 -0.385550681378 3.19619728563 3.09933088287e-05 3.09933088287e-05
17.670682730923694 0.0959857217162 -6.92006400374 -0.0479928608581 3.46003200187 0.000100981319648 0.000100981319648
17.771084337349397 -0.590623877425 -6.61904599658 0.295311938713 3.30952299829 1.03792065994e-05 1.03792065994e-05
17.8714859437751 -1.20650502371 -5.52538912635 0.603252511854 2.76269456318 1.79803774163e-05 1.79803774163e-05
17.971887550200805 -1.67790537116 -3.77006094719 0.838952685578 1.88503047359 2.08046638384e-05 2.08046638384e-05
18.072289156626507 -1.94837424471 -1.56326396634 0.974187122356 0.781631983171 2.26143571709e-05 2.26143571709e-05
18.17269076305221 -1.98552253582 0.830735185698 0.992761267912 -0.415367592849 2.42579098493e-05 2.42579098493e-05
18.27309236947791 -1.78490222644 3.12525197529 0.89245111322 -1.56262598764 2.58775246618e-05 2.58775246618e-05
18.373493975903614 -1.37053761031 5.04551550107 0.685268805154 -2.52275775053 2.81789519456e-05 2.81789519456e-05
18.473895582329316 -0.792049376472 6.36157090986 0.396024688236 -3.18078545493 3.33050181178e-05 3.33050181178e-05
18.57429718875502 -0.11871278918 6.91582138445 0.0593563945901 -3.45791069223 8.7496711636e-05 8.7496711636e-05
18.674698795180724 0.568840215738 6.64189336716 -0.284420107869 -3.32094668358 1.1324512748e-05 1.1324512748e-05
18.775100401606426 1.18827386675 5.57259006329 -0.594136933374 -2.78629503164 1.8932013804e-05 1.8932013804e-05
18.87550200803213 1.66541008585 3.83596221205 -0.832705042926 -1.91798110602 2.15828895496e-05 2.15828895496e-05
18.97590361445783 1.94311143048 1.63997361442 -0.971555715239 -0.81998680721 2.31245945147e-05 2.31245945147e-05
19.076305220883533 1.98812321311 -0.752405105989 -0.994061606554 0.376202552994 2.41319928151e-05 2.41319928151e-05
19.176706827309236 1.79505433194 -3.0546825836 -0.89752716597 1.5273412918 2.53992976075e-05 2.53992976075e-05
19.27710843373494 1.38702544802 -4.9911583309 -0.693512724011 2.49557916545 2.71484422069e-05 2.71484422069e-05
19.377510040160644 0.812898404027 -6.3299365995 -0.406449202014 3.16496829975 3.10780953757e-05 3.10780953757e-05
19.477911646586346 0.141425424484 -6.91069529688 -0.0707127122418 3.45534764844 7.16809557996e-05 7.16809557996e-05
19.57831325301205 -0.546983179749 -6.66388979012 0.273491589875 3.33194489506 1.18027130004e-05 1.18027130004e-05
19.67871485943775 -1.16988974061 -5.61907495036 0.584944870305 2.80953747518 1.91224838348e-05 1.91224838348e-05
19.779116465863453 -1.65270096242 -3.90136685805 0.826350481212 1.95068342902 2.12531555814e-05 2.12531555814e-05
19.879518072289155 -1.93759778049 -1.7164656668 0.968798890245 0.8582328334 2.32152383538e-05 2.32152383538e-05
19.97991967871486 -1.99046448436 0.673982644623 0.995232242178 -0.336991322311 2.49720874942e-05 2.49720874942e-05
20.080321285140563 -1.80497061812 2.98371947138 0.902485309059 -1.49185973569 2.67768201651e-05 2.67768201651e-05
20.180722891566266 -1.40332922967 4.9361504799 0.701664614833 -2.46807523995 2.92923142677e-05 2.92923142677e-05
20.281124497991968 -0.83363755675 6.29746941401 0.416818778375 -3.14873470701 3.44747398927e-05 3.44747398927e-05
20.38152610441767 -0.164117595959 6.90465874291 0.0820587979796 -3.45232937146 7.33259058066e-05 7.33259058066e-05
20.481927710843372 0.525055909797 6.6850070715 -0.262527954899 -3.34250353575 1.116594068e-05 1.116594068e-05
20.582329317269075 1.15135345911 5.66481659569 -0.575676729556 -2.83240829785 1.98764710725e-05 1.98764710725e-05
20.68273092369478 1.63977390251 3.96625571924 -0.819886951253 -1.98312785962 2.3292661407e-05 2.3292661407e-05
20.783132530120483 1.93182909893 1.7927319237 -0.965914549463 -0.89636596185 2.54242349713e-05 2.54242349713e-05
20.883534136546185 1.99254542348 -0.595472235272 -0.996272711742 0.297736117636 2.70875938447e-05 2.70875938447e-05
20.983935742971887 1.81465215785 -2.91236733174 -0.907326078924 1.45618366587 2.86811062797e-05 2.86811062797e-05
21.08433734939759 1.41945197254 -4.88050263524 -0.709725986268 2.44025131762 3.08885906149e-05 3.08885906149e-05
21.184738955823292 0.854270546201 -6.26419138953 -0.4271352731 3.13209569477 3.55976034086e-05 3.55976034086e-05
21.285140562248998 0.186789158761 -6.89773415905 -0.0933945793804 3.44886707952 7.11112492503e-05 7.11112492503e-05
21.3855421686747 -0.50306040608 -6.70526515001 0.25153020304 3.352632575 1.09372406642e-05 1.09372406642e-05
21.485943775100402 -1.1326678157 -5.70983198911 0.566333907851 2.85491599455 2.08750552873e-05 2.08750552873e-05
21.586345381526105 -1.62663653397 -4.0306384364 0.813318266983 2.0153192182 2.4098385486e-05 2.4098385486e-05
21.686746987951807 -1.92581278317 -1.86877009485 0.962906391586 0.934385047426 2.6318040193e-05 2.6318040193e-05
21.78714859437751 -1.9943703008 0.516883923867 0.9971851504 -0.258441961933 2.81988088497e-05 2.81988088497e-05
21.88755020080321 -1.82409986772 2.84063905495 0.91204993386 -1.42031952747 2.99144125549e-05 2.99144125549e-05
21.987951807228917 -1.43539100116 4.82422431175 0.717695500578 -2.41211215587 3.23653473861e-05 3.23653473861e-05
22.08835341365462 -0.874791338047 6.23010371851 0.437395669023 -3.11505185925 3.84510628806e-05 3.84510628806e-05
22.188755020080322 -0.20943551612 6.88991338998 0.10471775806 -3.44495669499 7.42179609667e-05 7.42179609667e-05
22.289156626506024 0.481000454086 6.72464838281 -0.240500227043 -3.36232419141 9.2248807337e-06 9.2248807337e-06
22.389558232931726 1.1138359294 5.75409972654 -0.556917964699 -2.87704986327 2.15032463497e-05 2.15032463497e-05
22.48995983935743 1.61328776441 4.09449020043 -0.806643882207 -2.04724510022 2.53721182633e-05 2.53721182633e-05
22.59036144578313 1.91954613831 1.94456019067 -0.959773069157 -0.972280095334 2.76943240132e-05 2.76943240132e-05
22.690763052208837 1.99593643795 -0.4382322912 -0.997968218976 0.2191161456 2.95322313856e-05 2.95322313856e-05
22.79116465863454 1.83331098817 -2.76854583906 -0.916655494084 1.38427291953 3.13252250455e-05 3.13252250455e-05
22.89156626506024 1.45114415496 -4.76732247323 -0.725572077482 2.38366123662 3.37932491854e-05 3.37932491854e-05
22.991967871485944 0.895201093212 -6.19520557293 -0.447600546606 3.09760278646 3.86513512572e-05 3.86513512572e-05
23.092369477911646 0.23205668102 -6.88120510476 -0.11602834051 3.44060255238 6.83947822077e-05 6.83947822077e-05
23.19277108433735 -0.458876733378 -6.74317197743 0.229438366689 3.37158598872 1.05595216988e-05 1.05595216988e-05
23.29317269076305 -1.0948590401 -5.79763590507 0.547429520052 2.89881795253 2.28372201052e-05 2.28372201052e-05
23.393574297188756 -1.59973036314 -4.15782652952 0.799865181572 2.07891326476 2.64755117532e-05 2.64755117532e-05
23.49397590361446 -1.91303268942 -2.02011203056 0.956516344712 1.01005601528 2.81398109207e-05 2.81398109207e-05
23.59437751004016 -1.99724727934 0.359514292787 0.998623639668 -0.179757146393 2.92616103584e-05 2.92616103584e-05
23.694779116465863 -1.84228857898 2.6960888294 0.92114428949 -1.3480444147 3.0602919049e-05 3.0602919049e-05
23.795180722891565 -1.4667134223 4.70980384009 0.733356711149 -2.35490192005 3.24276723565e-05 3.24276723565e-05
23.895582329317268 -0.915497337637 6.15951399425 0.457748668818 -3.07975699712 3.61911193563e-05 3.61911193563e-05
23.995983935742974 -0.254649066675 6.87161389925 0.127324533338 -3.43580694962 5.86002437248e-05 5.86002437248e-05
24.096385542168676 0.43669366839 6.76082603396 -0.218346834195 -3.38041301698 1.18342434842e-05 1.18342434842e-05
24.196787148594378 1.07574113683 5.84042056814 -0.537870568413 -2.92021028407 2.34912388607e-05 2.34912388607e-05
24.29718875502008 1.58596759493 4.22061887482 -0.792983797467 -2.11030943741 2.64530777933e-05 2.64530777933e-05
24.397590361445783 1.90627118967 2.09539253993 -0.953135594833 -1.04769626996 2.87416366293e-05 2.87416366293e-05
24.497991967871485 1.99829603992 -0.280757935158 -0.99914801996 0.140378967579 3.0700381241e-05 3.0700381241e-05
24.598393574297187 1.85102282682 -2.62328623565 -0.925511413411 1.31164311783 3.24516237796e-05 3.24516237796e-05
24.698795180722893 1.48208741882 -4.65167245607 -0.741043709408 2.32583622803 3.46768556572e-05 3.46768556572e-05
24.799196787148595 0.935669504043 -6.12301618793 -0.467834752021 3.06150809397 3.9727022786e-05 3.9727022786e-05
24.899598393574298 0.277204175553 -6.86111692843 -0.138602087776 3.43055846422 6.59008188807e-05 6.59008188807e-05
25.0 -0.414456280162 -6.77759086365 0.207228140081 3.38879543183 7.8569188933e-06 7.8569188933e-06
